6 0.5890625 0.109375 0.703125 0.21875
6 0.359375 0.61640625 0.1625 0.615625
5 0.56484375 0.44140625 0.2015625 0.178125
5 0.53671875 0.95390625 0.1921875 0.0921875
2 0.209375 0.82109375 0.159375 0.1453125
2 0.525 0.66796875 0.15 0.1734375
2 0.5140625 0.29296875 0.159375 0.1578125
2 0.77421875 0.91953125 0.146875 0.1609375
1 0.21875 0.384375 0.159375 0.246875
1 0.209375 0.6609375 0.178125 0.178125
1 0.2140625 0.5421875 0.128125 0.071875
1 0.77265625 0.334375 0.259375 0.215625
1 0.6265625 0.7953125 0.334375 0.08125