12 0.6921875 0.046875 0.128125 0.09375
12 0.3859375 0.06484375 0.159375 0.115625
17 0.4015625 0.62734375 0.278125 0.2453125
17 0.10234375 0.26953125 0.2046875 0.178125
17 0.203125 0.48046875 0.1625 0.15625
17 0.03984375 0.5734375 0.0796875 0.153125
16 0.26796875 0.14296875 0.1203125 0.125
16 0.36796875 0.421875 0.1484375 0.1375
16 0.728125 0.390625 0.16875 0.1625
16 0.12109375 0.63125 0.1484375 0.1375
19 0.58046875 0.4515625 0.1828125 0.1875
19 0.09765625 0.42578125 0.125 0.1390625
10 0.6421875 0.64765625 0.275 0.2953125
10 0.68359375 0.1453125 0.1953125 0.15