6 0.4109375 0.890625 0.703125 0.21875
6 0.640625 0.38359375 0.1625 0.615625
5 0.43515625 0.55859375 0.2015625 0.178125
5 0.46328125 0.04609375 0.1921875 0.0921875
2 0.790625 0.17890625 0.159375 0.1453125
2 0.475 0.33203125 0.15 0.1734375
2 0.4859375 0.70703125 0.159375 0.1578125
2 0.22578125 0.08046875 0.146875 0.1609375
1 0.78125 0.615625 0.159375 0.246875
1 0.790625 0.3390625 0.178125 0.178125
1 0.7859375 0.4578125 0.128125 0.071875
1 0.22734375 0.665625 0.259375 0.215625
1 0.3734375 0.2046875 0.334375 0.08125