12 0.29453125 0.95078125 0.1265625 0.0984375
12 0.59375 0.93046875 0.153125 0.1109375
17 0.578125 0.38359375 0.26875 0.2359375
17 0.87109375 0.73046875 0.2015625 0.1734375
17 0.7703125 0.5265625 0.15625 0.153125
17 0.94453125 0.4359375 0.1109375 0.146875
2 0.7078125 0.8546875 0.115625 0.121875
16 0.6109375 0.5828125 0.14375 0.13125
16 0.2609375 0.6140625 0.165625 0.15625
16 0.85 0.3796875 0.14375 0.134375
19 0.40390625 0.553125 0.178125 0.18125
19 0.8734375 0.5796875 0.121875 0.134375
10 0.3453125 0.3640625 0.26875 0.2875
10 0.303125 0.85234375 0.190625 0.1453125