16 0.79921875 0.7765625 0.178125 0.1625
16 0.2640625 0.4890625 0.1625 0.16875
19 0.42421875 0.41796875 0.2078125 0.2171875
17 0.9234375 0.62890625 0.153125 0.2171875
17 0.55625 0.21640625 0.25 0.240625
17 0.94921875 0.275 0.1015625 0.16875
17 0.7953125 0.3765625 0.15 0.171875
12 0.35390625 0.940625 0.1515625 0.11875
12 0.70546875 0.9265625 0.1640625 0.146875
12 0.67890625 0.35 0.1109375 0.096875
12 0.9734375 0.47578125 0.053125 0.0859375
16 0.6265625 0.4515625 0.171875 0.159375
10 0.37890625 0.8140625 0.3234375 0.190625
10 0.6234375 0.8296875 0.178125 0.2125
10 0.31015625 0.16796875 0.25 0.2796875