6 0.5890625 0.890625 0.703125 0.21875
6 0.359375 0.38359375 0.1625 0.615625
5 0.56484375 0.55859375 0.2015625 0.178125
5 0.53671875 0.04609375 0.1921875 0.0921875
2 0.209375 0.17890625 0.159375 0.1453125
2 0.525 0.33203125 0.15 0.1734375
2 0.5140625 0.70703125 0.159375 0.1578125
2 0.77421875 0.08046875 0.146875 0.1609375
1 0.21875 0.615625 0.159375 0.246875
1 0.209375 0.3390625 0.178125 0.178125
1 0.2140625 0.4578125 0.128125 0.071875
1 0.77265625 0.665625 0.259375 0.215625
1 0.6265625 0.2046875 0.334375 0.08125