16 0.7765625 0.20078125 0.1625 0.178125
16 0.4890625 0.7359375 0.16875 0.1625
19 0.41796875 0.57578125 0.2171875 0.2078125
17 0.62890625 0.0765625 0.2171875 0.153125
17 0.21640625 0.44375 0.240625 0.25
17 0.275 0.05078125 0.16875 0.1015625
17 0.3765625 0.2046875 0.171875 0.15
12 0.940625 0.64609375 0.11875 0.1515625
12 0.9265625 0.29453125 0.146875 0.1640625
12 0.35 0.32109375 0.096875 0.1109375
12 0.47578125 0.0265625 0.0859375 0.053125
16 0.4515625 0.3734375 0.159375 0.171875
10 0.8140625 0.62109375 0.190625 0.3234375
10 0.8296875 0.3765625 0.2125 0.178125
10 0.16796875 0.68984375 0.2796875 0.25