6 0.89921875 0.4109375 0.2015625 0.775
6 0.4390625 0.57421875 0.559375 0.1671875
2 0.22109375 0.7203125 0.1671875 0.153125
2 0.725 0.44921875 0.153125 0.1578125
5 0.57421875 0.38203125 0.196875 0.2046875
3 0.08828125 0.58203125 0.1765625 0.2015625
3 0.44921875 0.19375 0.2359375 0.225
3 0.0640625 0.2484375 0.128125 0.159375
3 0.225 0.34765625 0.1375 0.1609375
0 0.640625 0.89296875 0.14375 0.1484375
0 0.31015625 0.8640625 0.1546875 0.14375
0 0.33515625 0.31875 0.1015625 0.090625
0 0.04296875 0.43515625 0.0828125 0.0828125
2 0.38359375 0.41484375 0.1640625 0.1484375
1 0.61796875 0.7546875 0.3046875 0.18125
1 0.3859375 0.7703125 0.16875 0.196875
1 0.68125 0.14765625 0.23125 0.2640625