12 0.95078125 0.70546875 0.0984375 0.1265625
12 0.93046875 0.40625 0.1109375 0.153125
17 0.38359375 0.421875 0.2359375 0.26875
17 0.73046875 0.12890625 0.1734375 0.2015625
17 0.5265625 0.2296875 0.153125 0.15625
17 0.4359375 0.05546875 0.146875 0.1109375
2 0.8546875 0.2921875 0.121875 0.115625
16 0.5828125 0.3890625 0.13125 0.14375
16 0.6140625 0.7390625 0.15625 0.165625
16 0.3796875 0.15 0.134375 0.14375
19 0.553125 0.59609375 0.18125 0.178125
19 0.5796875 0.1265625 0.134375 0.121875
10 0.3640625 0.6546875 0.2875 0.26875
10 0.85234375 0.696875 0.1453125 0.190625