6 0.10078125 0.4109375 0.2015625 0.775
6 0.5609375 0.57421875 0.559375 0.1671875
2 0.77890625 0.7203125 0.1671875 0.153125
2 0.275 0.44921875 0.153125 0.1578125
5 0.42578125 0.38203125 0.196875 0.2046875
3 0.91171875 0.58203125 0.1765625 0.2015625
3 0.55078125 0.19375 0.2359375 0.225
3 0.9359375 0.2484375 0.128125 0.159375
3 0.775 0.34765625 0.1375 0.1609375
0 0.359375 0.89296875 0.14375 0.1484375
0 0.68984375 0.8640625 0.1546875 0.14375
0 0.66484375 0.31875 0.1015625 0.090625
0 0.95703125 0.43515625 0.0828125 0.0828125
2 0.61640625 0.41484375 0.1640625 0.1484375
1 0.38203125 0.7546875 0.3046875 0.18125
1 0.6140625 0.7703125 0.16875 0.196875
1 0.31875 0.14765625 0.23125 0.2640625