8 0.29572461875 0.3410479234375 0.2697305234375 0.3952711203125 0.25543394531249997 0.44659950468750004 0.2608733125 0.479501546875 0.272509678125 0.505570865625 0.28646913125 0.5171875 0.2879678140625 0.5171875 0.30915826874999996 0.51073051875 0.30315831718749997 0.4617753953125 0.31589885 0.3966029203125 0.3451035609375 0.3421739765625 0.3780047328125 0.3014519578125 0.4 0.29021368281250004 0.4 0.289173921875 0.366838265625 0.289173921875 0.3657840015625 0.28936389375 0.3256020328125 0.30588267812500003 0.29572461875 0.3410479234375
8 0.3799299859375 0.30819856875 0.35148276875 0.33522933125 0.3264142921875 0.3717424046875 0.31219731875 0.4163186671875 0.3010601953125 0.45325395625000003 0.299554921875 0.4897406359375 0.3139532859375 0.516917984375 0.3260991578125 0.5377737921875 0.3447478578125 0.540625 0.34846503125 0.540625 0.3645705125 0.5327687328125 0.39221446718749997 0.4597191328125 0.421264875 0.40588338906250004 0.44954396562500004 0.3692207765625 0.465938715625 0.326685228125 0.483609153125 0.295872103125 0.49375 0.289086375 0.49375 0.2854221984375 0.49111275781249997 0.2845192328125 0.4277998078125 0.2845192328125 0.4053720703125 0.2930896015625 0.3799299859375 0.30819856875
8 0.4609704484375 0.35225138125 0.4368485296875 0.4116631203125 0.42905401718749997 0.47442069375000007 0.4393844203125 0.5350484109375 0.4573397640625 0.55 0.46037662656249995 0.55 0.47310944218750006 0.5416777515625 0.495803875 0.5102783546875 0.5176753265625 0.46603649062499997 0.5395196734375001 0.40460900625 0.566989375 0.3471506828125 0.5828125 0.328393209375 0.5828125 0.293413590625 0.566758475 0.2784956828125 0.5142930796875 0.2784956828125 0.4887144796875 0.2990738796875 0.4609704484375 0.35225138125
8 0.53286018125 0.4731516625 0.526043365625 0.531104646875 0.5619064609375 0.55 0.5641695046875 0.55 0.5684384031249999 0.5359700078125 0.598423121875 0.527047228125 0.6300795406249999 0.48809643124999996 0.6565542703125 0.433129909375 0.671875 0.39695595625 0.671875 0.3302423859375 0.6597676265625 0.31091478437500003 0.6384588203125 0.3015625 0.633038596875 0.3015625 0.600098928125 0.3137525609375 0.5847584046875001 0.35465697343749997 0.552913678125 0.41825985781249997 0.53286018125 0.4731516625
8 0.6752680828125001 0.33950587187500003 0.670541025 0.36303184375 0.670541025 0.3972146265625 0.6705506375 0.39729696875 0.6995554281249999 0.4111646390625 0.7022201781249999 0.457632490625 0.6892250546875001 0.5245315828125 0.723406153125 0.5409138437500001 0.7353628265625 0.5609375 0.7543318390625 0.5609375 0.777549828125 0.550081509375 0.798691684375 0.5020494359375001 0.8078125 0.45163277031250004 0.8078125 0.44392969843749996 0.7989534093749999 0.39335999374999997 0.76641026875 0.34372652656249997 0.7176176187500001 0.334933040625 0.6752680828125001 0.33950587187500003
8 0.6192847609375 0.469451490625 0.5742489468749999 0.5205931328125 0.5390632953125001 0.5432755578124999 0.5022832765625 0.5723168796875 0.48877932343749997 0.59010980625 0.48877932343749997 0.6622259359375 0.49623768593750006 0.6796875 0.501492271875 0.6796875 0.51021186875 0.672780975 0.52218055625 0.6315416218750001 0.5485860765624999 0.5846913546875 0.5815220734375 0.5500496734375 0.622954240625 0.5298816562499999 0.6640588468749999 0.526899259375 0.6801774046875 0.5138592421875 0.690625 0.47219051093750003 0.690625 0.44225137031250006 0.690289471875 0.42950000624999995 0.66082599375 0.40842866874999995 0.6547760859375 0.41667865156249995 0.6192847609375 0.469451490625
8 0.3472329203125 0.568713175 0.3568343546875 0.5682117515625 0.3964319578125 0.57051805 0.405151425 0.5734375 0.4304896484375 0.5734375 0.4381676375 0.5535606468750001 0.4273479671875 0.5637017125 0.4090345234375 0.5540180859375 0.4024921734375 0.5353259328125 0.40462791718749996 0.496673871875 0.40973671093749997 0.4603492171875 0.4270928953125 0.4204293984375 0.4421875 0.3931520171875 0.4421875 0.392404278125 0.4174610484375 0.4198684078125 0.37727536875 0.4713840453125 0.3472329203125 0.52843576875 0.3472329203125 0.568713175
9 0.687759471875 0.527726084375 0.6417406359375 0.5255827234375 0.6038307125 0.5432015171875 0.577404921875 0.5635090234375 0.5360347937500001 0.6135359593749999 0.5360347937500001 0.7389145234375001 0.5484069390624999 0.754926265625 0.5794841171875 0.780065846875 0.6117078593749999 0.790625 0.6610988343749999 0.790625 0.6910736140625 0.78310938125 0.7370717703125 0.7454059140625 0.7694453875 0.7049140390625 0.7765625 0.6597279875 0.7765625 0.6543130640625 0.7727792515624999 0.608146934375 0.74979030625 0.5629226796875 0.727274771875 0.5381818625 0.687759471875 0.527726084375
9 0.8501723109375 0.5336065078125001 0.8077628562499999 0.54142093125 0.7765539140625 0.5601242140625 0.7695609328125 0.57069550625 0.7774012890625001 0.578317709375 0.7875081484375 0.6116435203125 0.79843598125 0.6396369890625 0.800852021875 0.6685512171875 0.7978671859375 0.6963018390625 0.7913228140624999 0.7165049781249999 0.8048631171875 0.7317120203125 0.83980753125 0.7472926734375 0.86537114375 0.75 0.8956900640625 0.75 0.9292561796875001 0.7392299875 0.9641976453125001 0.708829165625 0.9734375 0.685063575 0.9734375 0.6094590796875 0.9686953953125 0.598766125 0.9445761734375001 0.563057053125 0.8976601171875 0.5429900937500001 0.8501723109375 0.5336065078125001
7 0.1804189078125 0.549686371875 0.1341647546875 0.5628589890625 0.090679540625 0.585720621875 0.056629568750000005 0.597581221875 0.0235965296875 0.6283058640625 0.0235965296875 0.7492722625 0.0344397484375 0.764832253125 0.070805028125 0.8030470796875001 0.1164602234375 0.8328125 0.1198213140625 0.8328125 0.1795510703125 0.8173912171875 0.21475860624999998 0.8044230390625 0.2360534734375 0.791940703125 0.2616508671875 0.7398233921874999 0.2784464203125 0.7040207703125 0.2906990734375 0.6715782531250001 0.2921875 0.6335444203125 0.2921875 0.6206505375 0.26789684999999996 0.58486783125 0.242255509375 0.5590843765625 0.2206902875 0.549686371875 0.1804189078125 0.549686371875
7 0.3347956390625 0.5713146484375 0.29021723125 0.5979566765625 0.281156303125 0.6089639640625 0.281156303125 0.62814008125 0.281574590625 0.628868078125 0.2874288984375 0.64838089375 0.2844381015625 0.67730758125 0.281156303125 0.68962155 0.281156303125 0.7218768234375 0.2889786296875 0.7359375 0.29080926875 0.7359375 0.30469100625 0.7090597562500001 0.3266273359375 0.6753114171875 0.352711434375 0.650280421875 0.39854515625000003 0.63764448125 0.451922375 0.64779425625 0.4843814125 0.6691557734375 0.49375 0.6495773218750001 0.49375 0.6416436625 0.4868515765625 0.6133493890625 0.46109723750000003 0.582511721875 0.39579735 0.573089615625 0.3347956390625 0.5713146484375