8 0.40960365000000004 0.2921875 0.37471089687500003 0.294981965625 0.3334761890625 0.3074744875 0.3010883984375 0.339567059375 0.2711262859375 0.39103544375 0.253125 0.440496046875 0.253125 0.44192765156249997 0.2559526390625 0.474100375 0.26556450625 0.5012292359375 0.278953884375 0.5145575421874999 0.3016462390625 0.509991334375 0.2993713640625 0.46061239374999996 0.3169706921875 0.3969232796875 0.3501434203125 0.3455670078125 0.3859598671875 0.308235528125 0.4218412171875 0.293990571875 0.4218412171875 0.2921875 0.40960365000000004 0.2921875
8 0.446246190625 0.2859375 0.41845465156249995 0.293929315625 0.3920405890625 0.306795409375 0.36179895 0.33130293593750004 0.33426314375 0.365573134375 0.3169806984375 0.4088410546875 0.303301475 0.44474835781250005 0.3 0.4743583953125 0.3 0.4827485421875 0.3117085125 0.50944036875 0.32235902968749997 0.5313241609375 0.343538790625 0.536477134375 0.36105468749999997 0.529683415625 0.393708071875 0.45915705312500005 0.42642209218750005 0.40793799531249997 0.45716851406250003 0.37379861718749996 0.4764791984375 0.3327583234375 0.49624312968749995 0.3035339 0.49714720156250003 0.303030615625 0.49714720156250003 0.28960318125 0.488836828125 0.2859375 0.446246190625 0.2859375
8 0.5089749234375 0.28125 0.47892230312499995 0.30311965 0.4496802171875 0.3544895125 0.42387298749999996 0.41228060781250003 0.41875 0.44538886718750004 0.41875 0.5063224843749999 0.4228197859375 0.5353542375 0.4416112359375 0.552477525 0.4562951328125 0.54391588125 0.47986343124999997 0.5139501281250001 0.5029832625 0.471141909375 0.526575340625 0.41121040156250005 0.5556679359375 0.3555597203125 0.5773200562499999 0.332015196875 0.575315540625 0.305260059375 0.5531266125000001 0.28278574375 0.533108309375 0.28125 0.5089749234375 0.28125
8 0.6734375 0.330269034375 0.66513696875 0.31253963749999997 0.646105215625 0.303125 0.638250984375 0.303125 0.6051431796875 0.31398268281249997 0.5836259640625 0.354413884375 0.5421911125000001 0.41709525000000003 0.5138478453124999 0.4713644046875 0.4984375 0.5283140953125 0.4984375 0.5291034578125 0.5329787500000001 0.5497384640625 0.539835940625 0.53483030625 0.571121015625 0.526629796875 0.6086290359375 0.48852580156250003 0.6433935359375 0.43433136406250006 0.6734375 0.38269466875 0.6734375 0.330269034375
8 0.6782058578125 0.3328125 0.675 0.357473809375 0.675 0.3759798859375 0.6776137703125 0.38998531718749996 0.707442540625 0.40315325468749996 0.713328296875 0.44947116249999997 0.7050523234375 0.516545190625 0.7402072125 0.532102765625 0.7581018359375 0.5586350734375001 0.794725428125 0.5399959203125 0.812421553125 0.4915639984375 0.8172356687500001 0.44787015625000004 0.8172356687500001 0.43245666875 0.8051176578125 0.38307447968749997 0.7692786015624999 0.3342906875 0.7597706203125 0.3328125 0.6782058578125 0.3328125
8 0.673893509375 0.4015625 0.6687947234375 0.409431146875 0.6352166375 0.465819265625 0.592056546875 0.5216981671875 0.5577337296875 0.5482451968750001 0.52204163125 0.5812757921875 0.4953125 0.6211750609375 0.4953125 0.62419095625 0.5031971937499999 0.6421422859375 0.5094923375 0.6673908921875 0.5168856640625 0.6824776140625 0.530649171875 0.6824776140625 0.5334590703125001 0.6798699171875 0.5439646921875 0.6376332453125 0.5686820609375001 0.58816501875 0.600342565625 0.5500327234375 0.6409869265625 0.5252521140625 0.6819039625000001 0.5175324546875 0.6971291374999999 0.5031308812499999 0.6971291374999999 0.41363863125 0.676279109375 0.4015625 0.673893509375 0.4015625
8 0.431962884375 0.3875 0.412888371875 0.413075575 0.3811340765625 0.463990796875 0.3574693671875 0.528316153125 0.3484375 0.5579169937499999 0.3484375 0.56163 0.376038178125 0.5606496375 0.41563578124999995 0.563650165625 0.44814070937499995 0.57464466875 0.45433616250000003 0.54738699375 0.4452027671875 0.557359190625 0.42554030625 0.54733783125 0.41613128593750004 0.528495575 0.4121964328125 0.48980598750000004 0.4115718859375 0.45350009687500004 0.4225202203125 0.41380543281250004 0.4329060625 0.3875 0.431962884375 0.3875
9 0.6152941703125 0.5203125 0.6063356171875001 0.524467703125 0.5827910968750001 0.5439498921875 0.5464041109375 0.595560125 0.5375 0.6522153562499999 0.5375 0.6586639046875 0.549614728125 0.688930084375 0.56245719375 0.7156633390625 0.5795804828125 0.735254590625 0.61382705625 0.761594634375 0.6694777390625 0.7811202390624999 0.725128428125 0.7685396765625 0.765796234375 0.732261759375 0.7925513734375 0.6927077453125 0.7936215765625 0.645706065625 0.782919521875 0.5956030109375 0.754023975 0.5493658640625 0.7283390421875 0.5237247 0.7166596484375 0.5203125 0.6152941703125 0.5203125
9 0.7880690921875 0.534375 0.76875 0.5450645609375 0.76875 0.573263071875 0.7765741890625 0.598880753125 0.7876643015625 0.6273233312500001 0.790248859375 0.656287459375 0.7874263015625 0.683838478125 0.7810005171875 0.7036923093749999 0.794628203125 0.7194981671875 0.829659996875 0.7366756624999999 0.87804359375 0.7440426703125 0.9190524734375 0.73280469375 0.9538129359375 0.70410051875 0.9688610000000001 0.665600225 0.9697720453124999 0.62192754375 0.9576678140625001 0.5944865906250001 0.9333426234375001 0.5577295906249999 0.8863142203125 0.5355168703125 0.88162635625 0.534375 0.7880690921875 0.534375
7 0.20330327812500001 0.553125 0.181233946875 0.5569128921875001 0.1352151109375 0.56922063125 0.09347709843749999 0.59111040625 0.060300728125 0.6021985015625 0.0260541515625 0.63577336875 0.025 0.6600311390625 0.025 0.6933947890625001 0.0314051796875 0.7427316484375 0.051739084375 0.7692501796875 0.0913366875 0.8083870234375 0.13962146250000002 0.8393152484374999 0.1430904859375 0.8393152484374999 0.20156785156249998 0.8252978625 0.2358144265625 0.8131271046874999 0.25614833125 0.8011182390625 0.2775524421875 0.7494993156249999 0.2914651109375 0.7140206484375 0.3010969609375 0.68180240625 0.29895655 0.6315276546875 0.27113120625 0.5943942390625 0.243305865625 0.5679628796875 0.20980492499999998 0.553125 0.20330327812500001 0.553125
7 0.300182859375 0.571875 0.2853860625 0.5812907328125 0.284375 0.58288385 0.284375 0.6146059562499999 0.29289023125 0.6319147734375 0.2958121484375 0.660891415625 0.29372594687500003 0.6948136125000001 0.31356540625 0.7218771640625 0.3224157515625 0.6937925671875 0.3373444171875 0.6608435187499999 0.358172765625 0.6368615890625 0.401159628125 0.6262738234375 0.4562887625 0.6389713312499999 0.4929085984375 0.6619813796875 0.49895981562499997 0.6400747328125 0.4839913109375 0.6059252171875 0.4521052671875 0.5736887937499999 0.442422575 0.571875 0.300182859375 0.571875