8 0.396070984375 0.7203215296875001 0.446370640625 0.7299013296875 0.47954701093749996 0.7213508984375 0.5063021484375 0.707205609375 0.5171875 0.6940122640624999 0.5171875 0.6836721812500001 0.513793584375 0.6698545171875 0.46456413437500005 0.680470890625 0.40035180625000005 0.673751775 0.3479117359375 0.64946455625 0.3093843375 0.6201762359375 0.291271390625 0.58125 0.2904102953125 0.58125 0.2965418734375 0.6336012515625 0.3104545453125 0.672478578125 0.3436309171875 0.699244925 0.396070984375 0.7203215296875001
8 0.30819856875 0.6237318000000001 0.33522933125 0.655932853125 0.3717424046875 0.6861628546875 0.41176994999999994 0.7046875 0.5387240140625 0.7046875 0.540625 0.6926160234375 0.540625 0.6889241328125 0.5327687328125 0.6717809359375 0.4597191328125 0.6336575203125 0.40588338906250004 0.596943028125 0.3692207765625 0.5635024125 0.326685228125 0.541007678125 0.295872103125 0.5189577625 0.28711897343750004 0.5046875 0.28639229843749997 0.5046875 0.2845192328125 0.509847328125 0.2845192328125 0.57272965625 0.2930896015625 0.5962563875 0.30819856875 0.6237318000000001
8 0.35560641249999997 0.5481359640625 0.41242582656250004 0.5796647265625 0.42940056875000004 0.58400058125 0.544559615625 0.58400058125 0.5515625 0.577258921875 0.5515625 0.5728914140625 0.5450327828125 0.5602749578124999 0.5159265921875 0.5337399375 0.47397794062500004 0.5063819359374999 0.4149433703125 0.4768564171875 0.3603764859375 0.4422542 0.33807127187499997 0.41875 0.3095177171875 0.41875 0.2876025109375 0.4375906328125 0.2829343734375 0.47912290156250004 0.3053203484375 0.5138080703125001 0.35560641249999997 0.5481359640625
8 0.3559513578125 0.41462184999999996 0.41886311093749995 0.4453454078125 0.4732879328125 0.4644297578125 0.5309980875 0.47022041875 0.5484375 0.4378074859375 0.5484375 0.43115077968750004 0.5365919406249999 0.4277303671875 0.5282108578125 0.39789767187499997 0.4898951546875 0.36692535625 0.4355076890625 0.341419771875 0.4030646125 0.328125 0.332786671875 0.328125 0.3136101109375 0.3403727421875 0.3027773046875 0.3643511328125 0.3154018515625 0.400003434375 0.3559513578125 0.41462184999999996
8 0.3391787765625 0.32515901875000003 0.3636761515625 0.32993005468750003 0.3937784421875 0.32993005468750003 0.3969698734375 0.329538165625 0.41048744062500003 0.3004644609375 0.45688026718749997 0.297530325 0.5238668875 0.31013077031249997 0.5398365265625 0.2758682296875 0.559375 0.2639987015625 0.559375 0.24461593124999997 0.5483665046875 0.221693228125 0.500134371875 0.20083955156250002 0.45064114843749997 0.1921875 0.44126530468749997 0.1921875 0.391544959375 0.2012105703125 0.3423366171875 0.2340293625 0.3341183015625 0.2828533375 0.3391787765625 0.32515901875000003
8 0.4649043875 0.373073571875 0.5174681078125001 0.4118727625 0.541310646875 0.444189565625 0.5715495078124999 0.477352340625 0.6105492875 0.50165449375 0.631107375 0.49131256875 0.6569666734374999 0.4829241921875 0.6796875 0.4704281671875 0.6796875 0.4668252796875 0.67145225625 0.4578236265625 0.62991351875 0.45071950625 0.5822773671875 0.4299269484375 0.546587840625 0.4012318578125 0.5250351703125 0.3624190734375 0.520630696875 0.321938128125 0.50706675625 0.30744109375 0.4980609875 0.30625 0.429134090625 0.30625 0.4225952515625 0.3071828953125 0.40260918281249997 0.3388915578125 0.41104627968749996 0.3439436046875 0.4649043875 0.373073571875
8 0.492710609375 0.576978028125 0.4563174 0.5782396078125001 0.415574875 0.5680032515625 0.38608195156249997 0.5572801562499999 0.38608195156249997 0.5574550171875 0.4156309109375 0.5776351 0.46934042500000006 0.60845258125 0.5358488218749999 0.6309556421875 0.5701638875 0.6405332828125 0.5667851609375 0.6118434796875001 0.5665547875 0.572245878125 0.5734375 0.5454091484375 0.5734375 0.54375 0.557425928125 0.54375 0.5493692390625 0.5626411328125 0.5312255546875 0.5723686671875 0.492710609375 0.576978028125
9 0.536155053125 0.3904731640625 0.558930475 0.41088244375 0.615630253125 0.43927456718749996 0.6782631640625 0.43981421718749997 0.7085511343750001 0.4224256546875 0.7334880781249999 0.4058209 0.7506842515625001 0.3860326578125 0.7722341359375 0.34833731874999996 0.7828125 0.2962226640625 0.7828125 0.28745645 0.763611159375 0.237349471875 0.728060821875 0.2078125 0.579925271875 0.2078125 0.5403956515624999 0.24090366406250002 0.51913774375 0.26899265625 0.51913774375 0.364536896875 0.536155053125 0.3904731640625
9 0.53132995 0.14921246875 0.54014064375 0.1931731953125 0.55959113125 0.22787250312500001 0.5651700453124999 0.2325098515625 0.5752706765625 0.2325098515625 0.5777846265625 0.23032158281249998 0.6109111828125 0.2262259046875 0.638680490625 0.220339709375 0.6675698109375 0.22315921562500002 0.6954200593750001 0.2311856890625 0.698058053125 0.2325098515625 0.7280601234375 0.2325098515625 0.7307057078125 0.23058875781250002 0.74548934375 0.198359071875 0.7484375 0.16329415 0.7484375 0.147533546875 0.7353344890625 0.10716524062499999 0.7040868359375 0.0666004125 0.6643896125000001 0.044146775 0.624864034375 0.0359375 0.6170792578125 0.0359375 0.5937996359375 0.042130021875 0.55861360625 0.0598502421875 0.5396176374999999 0.103275934375 0.53132995 0.14921246875
7 0.549895790625 0.831480184375 0.5604870484375 0.8660601781249999 0.5843221203125 0.9099220296875 0.596956478125 0.9441603187500001 0.62710123125 0.9763342515625 0.7542154484375 0.9763342515625 0.7644071921875 0.9692879031249999 0.801698496875 0.9336194000000001 0.8296875 0.8895439312500001 0.8296875 0.8831115171875 0.8134717578125 0.8251934999999999 0.799704859375 0.7897788109375 0.7867482859375 0.7682767953125 0.7341317734375 0.7417754750000001 0.6980046734375 0.724358471875 0.665337515625 0.7115408624999999 0.627215115625 0.709375 0.6141446734375 0.709375 0.5793259734375 0.7327988796875 0.554191478125 0.7579694234375001 0.549895790625 0.768319965625 0.549895790625 0.831480184375
7 0.5965691125 0.7038059453125001 0.6165807984375 0.7153013609375 0.6278544015625 0.7059165203125 0.6466194390625 0.6960078281250001 0.675452653125 0.692917046875 0.709948559375 0.6948031171875 0.734375 0.6749749656249999 0.734375 0.674755078125 0.7050549703125 0.6661320765625 0.6698110749999999 0.6514035421875 0.6428171640625 0.6307252921875001 0.626348865625 0.5878197375 0.6317315609375 0.53264056875 0.6500084937499999 0.49590190312500004 0.647727434375 0.4953125 0.6156973546875 0.4953125 0.5946694703125 0.5051444078125 0.5688162796875 0.5345161359375 0.5688162796875 0.6682145 0.5965691125 0.7038059453125001