9 0.40591466093750006 0.228125 0.3680480453125 0.2617254375 0.3375 0.3045346109375 0.3375 0.3156173625 0.34073770937500003 0.36125687968750003 0.3661206875 0.40922157812500004 0.41291514218750003 0.4526393265625 0.45236397500000003 0.47214117031249997 0.5089727875000001 0.4827114828125 0.567793684375 0.480634909375 0.636312275 0.4657638390625 0.6761064359375 0.425908978125 0.6913343328125 0.381497271875 0.6924699578125 0.3569993734375 0.6924699578125 0.3266454765625 0.669414140625 0.289696609375 0.6343101296875 0.25853700156250004 0.5867869812500001 0.228125 0.40591466093750006 0.228125
9 0.78923939375 0.053125 0.7459535734375 0.0695307796875 0.68089766875 0.1129971734375 0.6421875 0.1695969921875 0.6421875 0.23004036249999998 0.673882971875 0.27679718750000004 0.71612718125 0.2962140203125 0.7199098328125 0.2967654375 0.8366434078125 0.2967654375 0.8841569140625 0.27699314531249997 0.9244085203125 0.24444035937500003 0.9520223343750001 0.2045385015625 0.96214328125 0.159721315625 0.96214328125 0.1452036390625 0.953119290625 0.1115488703125 0.9154486187499999 0.0790741203125 0.859329884375 0.059583282812500006 0.7934590453125 0.053125 0.78923939375 0.053125
9 0.7546858984375 0.321875 0.7129627984375 0.32795834375 0.6863384531250001 0.3376916671875 0.6898619125 0.36475820625 0.6902259187500001 0.3960407921875 0.6789368140625001 0.43690001718750004 0.6537078468749999 0.47463897031249996 0.6203125 0.4983344015625 0.6203125 0.5029805890625 0.6403746625 0.523656340625 0.6838224375 0.5387033015625 0.8024724171875001 0.5387033015625 0.8287191328124999 0.533260003125 0.8860466468749999 0.4966749453125 0.9078828218749999 0.44309909843749995 0.897704446875 0.39558841562499997 0.8629831421875 0.35286137968750003 0.8188861453125 0.331605771875 0.767740565625 0.321875 0.7546858984375 0.321875
9 0.8013973515625 0.6328125 0.764770996875 0.6426779781249999 0.720225728125 0.66917203125 0.70085325 0.7060012109375 0.696875 0.7314429828125 0.696875 0.742673421875 0.7209992359374999 0.7688865859375 0.73717210625 0.7783664328125 0.8464851578125 0.7783664328125 0.8872413765625 0.7610668828125 0.9064738 0.7282482921875 0.9156454890625 0.7045246890625 0.9156454890625 0.692181625 0.9004450937499999 0.6571580015625 0.853333640625 0.63527303125 0.8169154031250001 0.6328125 0.8013973515625 0.6328125
9 0.8132719187499999 0.8296875 0.79375 0.8508392515625 0.79375 0.8580890859375 0.8099650078125 0.9184540812499999 0.84833055625 0.9524191640625 0.8979388015625 0.9741236203125 0.9482987734374999 0.9773793640624999 0.9789089343749999 0.9643859203125 0.9984555296875 0.9347823484375001 0.9984555296875 0.924742271875 0.9938350421875001 0.888093415625 0.9528516765624999 0.8392776015625 0.9331589375 0.8296875 0.8132719187499999 0.8296875
9 0.5842283484374999 0.5015625 0.5597152234375 0.5031454296875 0.5321215171875 0.52480260625 0.5157754984375 0.5560851890625 0.515625 0.556936046875 0.515625 0.5904275359375 0.5332192625000001 0.6170461265625 0.5621268828125 0.63629695 0.5972926281250001 0.6390625 0.6048507828125 0.6390625 0.6482716984375 0.6290778890625 0.6779561046875 0.6066186 0.68370268125 0.5584915453125 0.6700314609375 0.525604721875 0.635546715625 0.5023433125000001 0.616775465625 0.5015625 0.5842283484374999 0.5015625
9 0.1694149375 0.41875 0.1334837015625 0.43612509218750006 0.1203125 0.4684260296875 0.1203125 0.5126034609375 0.15015372656249998 0.5339834390625 0.1932520390625 0.55403638125 0.25179291875 0.54040038125 0.252315584375 0.5091177921875001 0.2633713140625 0.469011915625 0.283340725 0.44976109218750004 0.2563150234375 0.4321145046875 0.23160875 0.424895446875 0.1805543515625 0.41875 0.1694149375 0.41875
9 0.4791919328125 0.73125 0.4579748140625 0.7388682453125 0.44236458125 0.7465163046875001 0.41897913124999997 0.748375421875 0.3768791796875 0.7393841421875 0.3671875 0.7616956125 0.3671875 0.8092029546875 0.36936915937500003 0.8201244000000001 0.40495501562499997 0.8473902624999999 0.44072680000000003 0.8578365296875001 0.4889447359375 0.86136223125 0.52098169375 0.8412782812499999 0.5413647171875 0.8024968828124999 0.5287439359375 0.7653507281249999 0.514448146875 0.736978121875 0.49646256875 0.73125 0.4791919328125 0.73125
9 0.8340124812499999 0.546875 0.7879013203125 0.5570704484375 0.7411396781249999 0.5700960578125 0.7113564703125 0.604130121875 0.709375 0.6278680718749999 0.709375 0.65023265 0.712960753125 0.6564793671875 0.7374008 0.6564793671875 0.7518236359375 0.647652203125 0.7932417468749999 0.63537758125 0.836284190625 0.63658875625 0.8744406671875 0.6497805671875 0.9082956624999999 0.6564793671875 0.9103517906249999 0.6564793671875 0.9199701890625 0.632894565625 0.9048251546875001 0.5777465828125 0.8791990078125 0.5555333515624999 0.8417491640625 0.546875 0.8340124812499999 0.546875
9 0.0015625 0.42552668125000004 0.031377224999999995 0.4458195015625 0.0827923421875 0.45456727968750005 0.1168273921875 0.455209875 0.13881518125 0.4318691046875 0.15592254218749999 0.40804406875000004 0.13340613750000002 0.3939601203125 0.0883048171875 0.390396428125 0.05595756875 0.3796875 0.0015625 0.3796875 0.0015625 0.42552668125000004
9 0.9810548078125001 0.609375 0.9694693203125 0.6108167359375 0.933319075 0.6278759671875 0.9109375 0.6532390234375 0.9109375 0.66952203125 0.9181294109374999 0.6935903 0.9264359437499999 0.727174790625 0.947684034375 0.74372889375 0.9809999749999999 0.7552070875 0.9967547874999999 0.7508977796875 0.9914263296874999 0.609375 0.9810548078125001 0.609375
9 0.9166694046874999 0.7296875 0.884076946875 0.7583180046875 0.840946859375 0.7734669234375 0.8065973359375 0.780274703125 0.7671875 0.7726206828125 0.7671875 0.774513090625 0.7754817984375 0.8016919046875 0.8052916984375 0.825146496875 0.8523898796875 0.834375 0.854658946875 0.834375 0.8919726109375 0.822306990625 0.9135670953125 0.7927616093750001 0.9263578656250001 0.7551076734375 0.9263578656250001 0.74576363125 0.9183959249999999 0.7296875 0.9166694046874999 0.7296875
7 0.5290191234375 0.8328125 0.51082556875 0.838600453125 0.47429325 0.8702939734375 0.4625 0.917058975 0.4625 0.9183653515625 0.4649978 0.9506454890624999 0.4732218078125 0.973249015625 0.48193110624999996 0.981901853125 0.7293688828125 0.9977583875 0.751536715625 0.973190884375 0.751536715625 0.9403602687499999 0.7510083437499999 0.92666056875 0.7306404359374999 0.8674045015624999 0.6787487046875 0.838323203125 0.6586413921875 0.8328125 0.5290191234375 0.8328125
7 0.5833656046875 0.6421875 0.5640336593749999 0.65282590625 0.5367039734375 0.7065518015625 0.5359375 0.7357805875000001 0.5359375 0.7538426281249999 0.5691798421875001 0.788508746875 0.624152959375 0.8153970640624999 0.6787218421875 0.8266108703124999 0.721261328125 0.8100937 0.7597421546875001 0.7838694546875 0.7597421546875001 0.7712352046875 0.758063921875 0.7627162765625 0.719000190625 0.7362999 0.696085809375 0.705776709375 0.7001097749999999 0.6757704203125 0.7073141390625 0.6552418765625 0.7103782562500001 0.64355060625 0.7062951109375 0.6421875 0.5833656046875 0.6421875
7 0.3437799625 0.440625 0.3091347953125 0.45592282968750003 0.2749717875 0.486986034375 0.257890284375 0.52083265625 0.2578125 0.5233512171875 0.2578125 0.5617956796875 0.28717286406250003 0.5992567656250001 0.3114548765625 0.6108288843749999 0.4542345859375 0.6108288843749999 0.47140907343749994 0.6027865296875 0.5080122953124999 0.5604778406250001 0.53241444375 0.5267775390625 0.523873690625 0.4983711796875 0.46408842968749997 0.500991859375 0.41772435 0.48754990156250005 0.3750205921875 0.46639722031249997 0.3448987515625 0.440625 0.3437799625 0.440625
7 0.1354229609375 0.5796875 0.11140934375 0.5881053140625 0.0726158515625 0.6083838765625 0.0442063015625 0.6443395749999999 0.04375 0.6555380125 0.04375 0.6969932859375 0.061403296875 0.7332722453125 0.10214066718749999 0.7554599265624999 0.145766021875 0.766886403125 0.198193325 0.7726999359375 0.24911326250000002 0.7553918921875 0.2808473078125 0.728019659375 0.289585884375 0.693904540625 0.29062628125 0.6851221296875 0.29062628125 0.6406426625 0.267284575 0.61001076875 0.21521039531250002 0.5796875 0.1354229609375 0.5796875
7 0.2896233890625 0.775 0.23794507812500001 0.77867245625 0.20339832656249998 0.7904566203125001 0.1422699609375 0.8303096765625 0.11241668125 0.8822448890624999 0.1109375 0.9066913718749999 0.1109375 0.9317713265625001 0.144474009375 0.9766594328125 0.19018020156249998 0.9910093281250001 0.256291246875 0.9910093281250001 0.27689009531250003 0.9900475328124999 0.32158144843750003 0.9670471734375001 0.36928863437500004 0.9275064953125 0.380584475 0.8833232671875001 0.38286539375 0.8681548031249999 0.38286539375 0.8353518671875 0.3613727109375 0.8050798578125 0.3361981578125 0.7928557078125 0.296301090625 0.775 0.2896233890625 0.775
8 0.6546875 0.11577238593750001 0.6048050515625001 0.0867266 0.5082460828124999 0.068120721875 0.3864453578125 0.0640625 0.379790984375 0.0640625 0.26412338125 0.0778053796875 0.119175678125 0.136044859375 0.05625 0.191412471875 0.05625 0.19212978125 0.20501201249999998 0.19212978125 0.2390925015625 0.1822975453125 0.3598724734375 0.1670594984375 0.5087735234374999 0.1587800609375 0.5784475078125 0.1730391640625 0.6272997499999999 0.17586413750000002 0.64305459375 0.1557886640625 0.6490379203125001 0.1349650453125 0.6546875 0.11706418437499999 0.6546875 0.11577238593750001
8 0.0192362109375 0.1390625 0.019863340625 0.152715259375 0.003125 0.163818471875 0.003125 0.1866828578125 0.0220158515625 0.17776901875 0.034121023437499995 0.18765320000000002 0.13643955000000002 0.2161015625 0.191418971875 0.21708220625000002 0.257379359375 0.21954103125 0.3648127421875 0.22849984218750002 0.3954219859375 0.223448390625 0.4384347578125 0.20264009062500002 0.4860509109375 0.2062982859375 0.5531355062500001 0.2171631109375 0.6005598578125 0.23730482187500002 0.6321974046875 0.2489011265625 0.6482186359375001 0.2373000125 0.6460448140625 0.21407775624999997 0.6268534234375001 0.1830616015625 0.588001790625 0.16132233437500001 0.5362076250000001 0.1390625 0.0192362109375 0.1390625
8 0.080616653125 0.0015625 0.07969861406249999 0.0019041640625000003 0.0638372203125 0.027360625 0.0333345375 0.051730971875 0.0046875 0.09081616249999999 0.0046875 0.119516484375 0.0089323875 0.140274865625 0.018693246875 0.1651137171875 0.012592710937500001 0.18976800625 0.0046875 0.210112771875 0.0046875 0.22202173906249997 0.010152496875 0.2291169 0.02845410625 0.19636282656249998 0.038214965625 0.158014865625 0.0577366796875 0.1170332296875 0.094339903125 0.08815511718749999 0.11874205 0.0792815546875 0.1907283859375 0.054478165625 0.255394075 0.033252596875 0.32249998125 0.030370439062499997 0.420108571875 0.036084975000000005 0.511616621875 0.0527175328125 0.5592008093749999 0.0450294671875 0.606784996875 0.03093114375 0.6177659640625001 0.012743901562500002 0.6218266906250001 0.0015625 0.080616653125 0.0015625
8 0.37954080625 0.2625 0.312256625 0.2781328765625 0.2034111609375 0.28805206875 0.1117751515625 0.29452798750000003 0.0368962265625 0.2811268359375 0.005552396875 0.29520018124999997 0.003125 0.3722314625 0.003125 0.392312371875 0.0487488359375 0.3997225328125 0.2532207796875 0.3997225328125 0.3203889875 0.39113911875 0.33798231093750003 0.3794540921875 0.335985409375 0.343888953125 0.356658725 0.318368228125 0.3776732546875 0.285521496875 0.383123478125 0.272973825 0.383123478125 0.2625 0.37954080625 0.2625
7 0.9969330828125 0.225 0.9433419687500001 0.24782239062500003 0.900408159375 0.2838066640625 0.8766122 0.32575093437499997 0.8765625 0.32806254687499997 0.8765625 0.3750297359375 0.9151787359375 0.40958742031249995 0.9541627234375 0.43235381562499997 0.9801442375 0.434208321875 0.9905216375 0.434208321875 0.9980832296875001 0.432502684375 0.9981072546875 0.43179452500000004 0.9981072546875 0.225 0.9969330828125 0.225
7 0.9795921515625 0.4375 0.9780893687500001 0.43757585 0.9307647546875 0.4469838390625 0.8883914687500001 0.490958025 0.8859375 0.5131220578125 0.8859375 0.522630346875 0.8992546609375 0.5463541515625 0.918459634375 0.5702685078124999 0.94915785625 0.587881971875 0.984800546875 0.60503529375 0.9985041671875001 0.60576154375 0.999706896875 0.588198409375 0.999706896875 0.4375 0.9795921515625 0.4375