9 0.6851351921875 0.3081341390625 0.6089985062500001 0.3081341390625 0.5735579765625001 0.321587621875 0.5320853296875 0.363147184375 0.514415928125 0.43251578593750006 0.509934540625 0.4916309140625 0.5181874828125 0.54801088125 0.536071540625 0.5868058578124999 0.5775654375 0.6319983734375 0.6244807609375 0.6555178703125 0.6484437640625 0.65625 0.68133775625 0.65625 0.7251053 0.62405556875 0.7610128953124999 0.5838262265624999 0.771875 0.5520199484375 0.771875 0.4201502515625 0.767890790625 0.403573596875 0.73918099375 0.356714628125 0.709464278125 0.322754859375 0.6851351921875 0.3081341390625
9 0.8623080359375 0.037817 0.8342013921874999 0.037817 0.7969391328125 0.04687515625 0.7601496359375 0.0749373421875 0.73220314375 0.115543909375 0.716973275 0.166417390625 0.7165924375 0.22319892343749997 0.732527896875 0.283695075 0.7569245062500001 0.325687075 0.8065821156249999 0.35625 0.8679308984375 0.35625 0.9203510359375 0.3167668 0.9546875 0.2542659359375 0.9546875 0.1451988578125 0.9530988515625 0.1378208265625 0.9270098078125001 0.08196364218749999 0.8900532578125 0.0446946359375 0.8623080359375 0.037817
9 0.5631056171875 0.09037714531249999 0.553586115625 0.09037714531249999 0.5069330578125 0.1124989484375 0.481473209375 0.170783178125 0.48051260312500005 0.23827974218749998 0.49786316093750005 0.3043855765625 0.52733681875 0.35849761562500004 0.5540580203125 0.3796875 0.55550496875 0.3796875 0.5736758984375 0.34376436093749996 0.6064703125 0.3174853421875 0.645063290625 0.3050295125 0.676345875 0.30448347343750004 0.6859375 0.305429340625 0.6859375 0.17828597968749998 0.6845696 0.174735871875 0.6548670734375001 0.1313389078125 0.60554731875 0.0979243359375 0.5631056171875 0.09037714531249999
9 0.29813155468749997 0.08473608593750001 0.2730361859375 0.09450278749999999 0.242027084375 0.11338025 0.22442991874999998 0.167188996875 0.22192842499999998 0.18910115156250001 0.22192842499999998 0.2238465171875 0.22928566718750001 0.2482427203125 0.2508120734375 0.2797811890625 0.2800457828125 0.3046875 0.2887021078125 0.3046875 0.315932696875 0.3006931421875 0.3509523875 0.2817223296875 0.3730823890625 0.2374199296875 0.3796875 0.1986869359375 0.3796875 0.196790003125 0.3716527859375 0.1488105796875 0.344978 0.1013721890625 0.30595848124999997 0.08473608593750001 0.29813155468749997 0.08473608593750001
9 0.0348759984375 0.021368962499999998 0.02029901875 0.051586785937500004 0.020896690625 0.101872025 0.039943071875 0.15183524375 0.07181562968750001 0.1908733734375 0.13436280625000002 0.209375 0.137535525 0.209375 0.1703125 0.1812781484375 0.1703125 0.07809788749999999 0.1583442265625 0.050247318750000006 0.111790603125 0.008255084375000001 0.0671072625 0.0015441890625 0.0348759984375 0.021368962499999998
9 0.3681938703125 0.3513404515625 0.360695340625 0.3769050046875 0.360695340625 0.44623492656249997 0.372897646875 0.46611227499999996 0.4004319109375 0.484375 0.4216072421875 0.484375 0.43296826718750003 0.482134271875 0.46541511093750004 0.4650586609375 0.48892140624999997 0.436959853125 0.4937247625 0.3996391359375 0.49375 0.398510103125 0.49375 0.3597672421875 0.473447671875 0.32716742499999996 0.44131419375 0.3142632125 0.3926392515625 0.3211322359375 0.3681938703125 0.3513404515625
9 0.53377719375 0.7301175234375 0.49525379375 0.7442092031249999 0.46411506874999997 0.7470999125 0.4583914703125 0.8066730156249999 0.484198884375 0.8482533546875001 0.51102646875 0.878125 0.52131074375 0.878125 0.5485296953125001 0.8757420093749999 0.58125 0.8589624625000001 0.58125 0.7566687421875 0.5715377734375 0.7343807359375 0.55453589375 0.7138199140625 0.5463407359375 0.7138199140625 0.53377719375 0.7301175234375
9 0.15843131093750001 0.4789112078125 0.13815454062500002 0.51131285625 0.1414003375 0.5594887125 0.15164134375 0.595092175 0.1787081609375 0.630215153125 0.2015032140625 0.634375 0.23048641875000003 0.634375 0.259516840625 0.621288440625 0.2507681453125 0.57932875625 0.252764103125 0.5559012296875 0.2605054640625 0.540150728125 0.26875 0.5174116421875 0.26875 0.502785253125 0.262725253125 0.4836212890625 0.2344272859375 0.4698164328125 0.1973433328125 0.45784087656250005 0.15843131093750001 0.4789112078125
9 0.34366989531250003 0.089685784375 0.34366989531250003 0.0902195078125 0.3514712296875 0.125418503125 0.365547946875 0.163467496875 0.36777044375 0.20646788124999998 0.3564818609375 0.24792337656250002 0.34366989531250003 0.26977501406250004 0.34366989531250003 0.284054021875 0.355388546875 0.290625 0.3727501671875 0.290625 0.40091413124999997 0.288105478125 0.4342149875 0.258149359375 0.44612814375000004 0.21135032968749998 0.4546875 0.167963259375 0.4546875 0.1560771 0.44551618125000003 0.12011806875 0.4227214390625 0.094641465625 0.367270059375 0.07982823125 0.34366989531250003 0.089685784375
9 0.5927014859375 0.8402509234375 0.588972928125 0.8402509234375 0.56470936875 0.8578870843749999 0.5373117125 0.8824129125000001 0.5361559640625 0.8898436593750001 0.5361559640625 0.9758954015624999 0.5475208328125001 0.996875 0.556160221875 0.996875 0.609375 0.9940861312499999 0.609375 0.9866160624999999 0.6075780875000001 0.9662292750000001 0.5976412359375 0.9047716796874999 0.6019777921875 0.859579715625 0.5927014859375 0.8402509234375
9 0.28388434375 0.07433761250000001 0.318665990625 0.083433978125 0.3368944546875 0.0890625 0.3624839734375 0.0890625 0.381586959375 0.0697599390625 0.390625 0.040550670312499995 0.390625 0.0120353890625 0.248788378125 0.0033997109375 0.24707290781250002 0.019069135937500002 0.2639383015625 0.05268393125 0.28388434375 0.07433761250000001
9 0.165495678125 0.1262878671875 0.165495678125 0.20293719999999998 0.1804385578125 0.22690219374999998 0.19489416406249999 0.2328125 0.20806903437500002 0.2328125 0.20542635156250003 0.197626246875 0.21623319218749998 0.1638365984375 0.23638093906250002 0.121986221875 0.26875 0.0918438234375 0.26875 0.0900203671875 0.25027545 0.0785423828125 0.2055079265625 0.089456753125 0.1735345421875 0.1084918140625 0.165495678125 0.1262878671875
7 0.028615596875 0.250992171875 0.0037096046874999997 0.2708766375 0.031172706249999998 0.5183144140625 0.0402605046875 0.5280565875 0.063321884375 0.5390975203124999 0.0708483265625 0.540625 0.13950245781249998 0.540625 0.1435017046875 0.5401308046875 0.16875 0.513121715625 0.16875 0.35011170625 0.166029259375 0.3414265734375 0.134429771875 0.2862484296875 0.07402907343750001 0.2584860875 0.028615596875 0.250992171875
7 0.2789605703125 0.3108700109375 0.253712709375 0.2864678640625 0.23600062500000002 0.246204321875 0.2173979390625 0.2413238921875 0.181237740625 0.280367328125 0.1654293109375 0.3060995421875 0.1654293109375 0.416058259375 0.1698518875 0.432880746875 0.1973495625 0.4682638640625 0.21589536250000002 0.46875 0.2456704796875 0.46875 0.3028970640625 0.4450818234375 0.33356275625 0.40603838750000004 0.3433495765625 0.3584541984375 0.346875 0.342207575 0.346875 0.32911206718749997 0.343560571875 0.2998890453125 0.33134176875 0.3023292625 0.3094943921875 0.308429796875 0.2789605703125 0.3108700109375
7 0.5024279234375 0.4719103140625 0.48344853906249996 0.4671439828125 0.4700296421875 0.4671439828125 0.4418960828125 0.490234434375 0.4032215953125 0.52840484375 0.38926528125000004 0.56678788125 0.3890625 0.6016431343749999 0.3890625 0.6123250140625001 0.39693916875 0.6640606453125 0.42504351093750004 0.7117082031249999 0.4649039734375 0.7390625 0.486956665625 0.7390625 0.5063749828125 0.7376698375 0.5385256421875 0.7192823453125 0.5661969250000001 0.68399991875 0.578125 0.64867235 0.578125 0.6479480421875 0.5491809703125 0.6188230875 0.5237883875 0.5771641203125 0.50574310625 0.53154631875 0.5024279234375 0.4719103140625
7 0.30990569218749997 0.7091865609375 0.3055559578125 0.7097192 0.26998799375 0.7186606125 0.236562253125 0.75057080625 0.21859308125000002 0.7842504156250001 0.21859308125000002 0.930104021875 0.22139228437499997 0.93825408125 0.254901234375 0.95625 0.27816794375 0.95625 0.30620857031250004 0.9549439874999999 0.3474913546875 0.92631025 0.3752762703125 0.887377975 0.3989953828125 0.8437785296874999 0.4078125 0.829323146875 0.4078125 0.8170755140624999 0.4043633171875 0.7840359218749999 0.38436478125 0.7315454453125 0.359503559375 0.7091865609375 0.30990569218749997 0.7091865609375
7 0.117171828125 0.6242732375 0.0726472796875 0.6335226234375 0.0314853390625 0.6794391625 0.009680026562500001 0.7182468656250001 0.009680026562500001 0.8343902578125 0.015686678125 0.8562907953125001 0.057717835937499996 0.890625 0.11301989999999999 0.890625 0.1617804453125 0.8653163562499999 0.20372407812499999 0.8059786375 0.21670285625000002 0.7719434984375 0.221875 0.7232461515625 0.221875 0.712360640625 0.2059754578125 0.6729229984375 0.1946472703125 0.6471515640625001 0.159580625 0.6198829703125 0.117171828125 0.6242732375
8 0.8658324187499999 0.3536489671875 0.84618388125 0.35869366875 0.8291636171875 0.37359521562500003 0.8413892359374999 0.422831440625 0.8690442578124999 0.49352938125 0.8894367875 0.6428144140625001 0.8974653375000001 0.763509059375 0.88906851875 0.8505409171875 0.8785801765624999 0.9119505218749999 0.8575399718750001 0.9557986953125001 0.867749565625 0.9609375 0.8825535234374999 0.9609375 0.9233938234375 0.9471010734374999 0.9640625 0.889973675 0.9640625 0.517716659375 0.959703596875 0.4982806359375 0.9225314453125 0.4003563953125 0.88364945625 0.3485082796875 0.8658324187499999 0.3536489671875
8 0.7957269109375 0.5132202296874999 0.7999497171875001 0.560868359375 0.7796481171874999 0.60419023125 0.7749585953125 0.634906059375 0.785191396875 0.7424033953125 0.788431990625 0.80843839375 0.7900641078125 0.8634924249999999 0.8197285531249999 0.9656404140625 0.8297575046875 0.977649659375 0.8209742468749999 0.996875 0.8436322421875 0.996875 0.85484021875 0.9795143859375001 0.8609375 0.9797238984375 0.8609375 0.45895402656249995 0.8395012578125 0.4105872 0.8172987203125001 0.371927421875 0.7860509312499999 0.353066446875 0.7677173953125 0.3515625 0.7625151859375 0.3515625 0.7513868109375 0.36734020156249997 0.763359521875 0.3988924796875 0.78406584375 0.4461569515625 0.7957269109375 0.5132202296874999
8 0.9445228875 0.4903015953125 0.9590258609375001 0.58199079375 0.9624688375 0.6796526625 0.9580249859375 0.7467159453125001 0.9352945078125 0.811125896875 0.908815846875 0.8828138734375001 0.89937439375 0.9071094625 0.869644446875 0.9433717046875 0.8282085015625 0.9624139125 0.789633384375 0.9717272296875 0.7625 0.9863799171875 0.7625 0.9944585984375 0.7635726828125 0.9953125 0.7753788593750001 0.9953125 0.7958590765625 0.987663215625 0.8206553375000001 0.9818503843749999 0.8452670328125 0.9918989453125 0.8609881343750001 0.9953125 0.8966100921875 0.9953125 0.9343788171874999 0.968530403125 0.9594590234375 0.9383154234375001 0.9852846124999999 0.9227523921874999 0.9937762421875 0.9013744015625 0.9984375 0.50078693125 0.9984375 0.3806338109375 0.9869668375 0.38463176093749996 0.9685240453124999 0.3953996140625 0.9533183375000001 0.44281330937499996 0.9445228875 0.4903015953125
8 0.7279815859375 1 0.7390625 0.97246608125 0.7390625 0.9715240875 0.721398125 0.8961849281250001 0.722548096875 0.8047248281250001 0.726147165625 0.69623118125 0.7390625 0.6231942609375001 0.7390625 0.6209984265624999 0.7149238640625 0.630169553125 0.683213334375 0.6491318125000001 0.6588288125 0.6682219484374999 0.623050634375 0.6639382312500001 0.6123597843749999 0.6808279203125001 0.6072273499999999 0.7539224718749999 0.6050338453124999 0.8380459453125001 0.611912659375 0.9174488296875 0.629823078125 0.9994837437499999 0.6456933406250001 1 0.7279815859375 1
7 0.5732766921875 0.0453243484375 0.6007492203125 0.08398779687499999 0.6397556953125 0.121875 0.6787907359375 0.121875 0.689577059375 0.12151792343750001 0.7289543468749999 0.097262525 0.760089878125 0.053965437500000005 0.775 0.0057979578125 0.775 0.001458215625 0.56813214375 0.001458215625 0.5679653375 0.0014658124999999999 0.566866434375 0.0115346953125 0.5732766921875 0.0453243484375
7 0.416396734375 0.084177940625 0.43692434843749994 0.1056872546875 0.45256338749999997 0.1171875 0.4967019515625 0.1171875 0.5402790640624999 0.084834746875 0.55725741875 0.0389503453125 0.5625 0.0146057296875 0.5625 0.0073309281249999995 0.39429129218750003 0.0012145734375 0.3927862765625 0.0148605859375 0.40396299375 0.051943490625 0.416396734375 0.084177940625