2 0.3154612953125 0.3125 0.2805462203125 0.337145678125 0.25370366718750004 0.3730664515625 0.2296875 0.4202530140625 0.2296875 0.5531020875 0.2504231953125 0.6009624515625 0.28946624375 0.6385584453125001 0.3329542015625 0.6658813718750001 0.3627373359375 0.6658813718750001 0.3922681796875 0.6629050999999999 0.437093203125 0.6361919640625 0.47475487968749996 0.5882540421875 0.4894163890625 0.5483384890624999 0.4930532484375 0.491566321875 0.48378158437499996 0.43295545156250004 0.46053804375 0.3650435984375 0.41584285000000004 0.326509584375 0.36959966718750004 0.3126118453125 0.36304948125 0.3125 0.3154612953125 0.3125
2 0.132310125 0.040625 0.10016809687499999 0.04976643125 0.0670205609375 0.08803922812500001 0.046875 0.1436236171875 0.046875 0.2368773515625 0.05450575 0.25785634062499996 0.0968508328125 0.3222120984375 0.1543425859375 0.36101221875 0.21282253125 0.359215465625 0.26059478281250004 0.32637020156249996 0.2807591546875 0.2837479140625 0.290663675 0.22290160312500001 0.2846751234375 0.1662367890625 0.26447237343749996 0.1159002203125 0.23261106250000002 0.076180725 0.1931764140625 0.0492390484375 0.1520195 0.040625 0.132310125 0.040625
2 0.43189861562500004 0.1015625 0.3869697359375 0.11534405625 0.3430462296875 0.15426381875 0.3202576453125 0.20060999218750003 0.3125 0.2358856953125 0.3125 0.3038474828125 0.3129086421875 0.3075079796875 0.32170722343749997 0.33338260000000003 0.34888593125 0.3273100765625 0.3801685171875 0.3240221453125 0.42061645625 0.331562625 0.45745805624999997 0.35341783125 0.47833615468749996 0.3825141109375 0.48641017499999994 0.3825141109375 0.5059893625 0.36225266718750004 0.52686275 0.3053880328125 0.5337580765625 0.23820082187499997 0.5221736046875 0.171883940625 0.487607590625 0.117630296875 0.43760278750000003 0.1015625 0.43189861562500004 0.1015625
2 0.708433159375 0.0890625 0.6661747484375 0.10927563124999999 0.635299603125 0.158675028125 0.6234375 0.20579488281249997 0.6234375 0.2157157859375 0.6261226718749999 0.2475645203125 0.644425678125 0.290410175 0.6778585671874999 0.3069717515625 0.684194628125 0.30746550156249997 0.7146352625 0.30746550156249997 0.7449393578125 0.28146544375000004 0.7692660015625 0.24835817031250002 0.7779161390625 0.2256415890625 0.7779161390625 0.153355021875 0.7682855921875 0.114112015625 0.738863290625 0.097363646875 0.713757828125 0.0890625 0.708433159375 0.0890625
2 0.88098121875 0.003125 0.8794551578125 0.0032782749999999998 0.8381318375 0.04299773125 0.8296875 0.0700264953125 0.8296875 0.12193959531250001 0.8384901156250001 0.1708499640625 0.8792373765624999 0.2045908609375 0.9416589265624999 0.1887164953125 0.9686934515625 0.151193553125 0.9815942234374999 0.1020300171875 0.9760462875 0.051576421875 0.9578080953124999 0.020474740625 0.9300188468749999 0.003125 0.88098121875 0.003125
2 0.5570111 0.3125 0.5276114703125 0.32296571093750004 0.5039645593750001 0.356095634375 0.503125 0.3718374140625 0.503125 0.41757532499999994 0.5038837546875 0.4319738421875 0.5252051718749999 0.4608289375 0.5562763515625 0.47899695781249996 0.5834737375 0.48540920156249995 0.61739895 0.4651037640625 0.636973096875 0.43731737812500004 0.639179215625 0.4129783625 0.639179215625 0.38985523906249997 0.630761315625 0.3507520984375 0.60866265625 0.3197595890625 0.5678820359375 0.3125 0.5570111 0.3125
2 0.4546364734375 0.715625 0.4410811671875 0.733541325 0.432286934375 0.757658971875 0.421875 0.813593259375 0.421875 0.8186376390625 0.43721588125000005 0.8566996625 0.47388811875 0.8751461656249999 0.5107170421875 0.878579365625 0.5360330281250001 0.848008809375 0.5544733890625 0.814462634375 0.5544733890625 0.7802407453125 0.548956128125 0.7468928421875 0.5177420265625 0.74381945625 0.47838949218750004 0.729493575 0.46683211875 0.715625 0.4546364734375 0.715625
2 0.7881026765625 0.4609375 0.7553025734375 0.4727388265625 0.7296875 0.4864461875 0.7296875 0.5330027703125 0.7344828609375 0.54379825625 0.7434377140625 0.55931484375 0.7472134593749999 0.582672196875 0.74161984375 0.624865796875 0.7691175796875 0.6360415875000001 0.8017655343750001 0.6360415875000001 0.823318415625 0.6314299703125 0.84779645 0.5955350734375 0.855367775 0.5596509140625 0.854973096875 0.5114048828125 0.8321884421875 0.4796114109375 0.7941258609374999 0.4609375 0.7881026765625 0.4609375
2 0.6447759109375 0.0796875 0.588148815625 0.0938820375 0.560905878125 0.11920915937500001 0.54375 0.158683171875 0.54375 0.20373449375 0.5438549328125 0.21037602031249997 0.5472584953124999 0.2572124203125 0.57495075625 0.28734137656250003 0.617120559375 0.291447934375 0.6394625921875 0.280130703125 0.6263454187499999 0.2474442265625 0.6225994296875 0.20595136093750002 0.6325579203125 0.16299301718749998 0.65340363125 0.125051465625 0.656021059375 0.11852841562500001 0.656021059375 0.0840545359375 0.646543903125 0.0796875 0.6447759109375 0.0796875
2 0.4415858390625 1 0.4605346859375 0.9690407750000001 0.46419538281249995 0.9392580703125001 0.46419538281249995 0.8820904015625001 0.4415003484375 0.863195475 0.4179327203125 0.8484375 0.4164272203125 0.8484375 0.40376273124999995 0.8710230015624999 0.4023125875 0.9160653359375001 0.38439947343749997 0.9799170343749999 0.38125 0.9947915484375001 0.38125 1 0.4415858390625 1
2 0.6125 0.021962625 0.6126683859375001 0.025438078125000003 0.6269579390625 0.0621318671875 0.6544088609375 0.0891393921875 0.6913797546875 0.0795916375 0.72551818125 0.07246811875 0.74364176875 0.05182751875 0.756492253125 0.021595135937500003 0.756492253125 0.0132356109375 0.7551247875 0.00625 0.6125 0.00625 0.6125 0.021962625
2 0.7442855578125 0.078125 0.73125 0.085542346875 0.73125 0.09526844375 0.7553348046874999 0.1206972734375 0.770980759375 0.16280400781249998 0.7781861703125 0.196705815625 0.7711885484375001 0.2355989109375 0.775410403125 0.2355989109375 0.7999584 0.22635027812500003 0.8230579640625001 0.19487743125 0.8319952921875 0.14566268437500002 0.8192101812500001 0.1083244390625 0.78942338125 0.088776659375 0.7498449890625001 0.078125 0.7442855578125 0.078125
0 0.908638775 0.25 0.908386828125 0.2500142984375 0.8522582828124999 0.2713929203125 0.8328125 0.3172386859375 0.8328125 0.448971746875 0.8517583015625 0.4914644734375 0.8878303515624999 0.5274032015625 0.9359967156250001 0.5384395609375 0.9686509953125 0.5352868625 0.9900035140625001 0.5266778203125 0.99746789375 0.517827340625 0.9816113609375 0.270389565625 0.9560928875 0.25 0.908638775 0.25
0 0.7706103484375 0.24375 0.7608990328125 0.246221859375 0.7384737671875 0.2864854015625 0.7103694328125 0.3108875484375 0.6801212578125 0.3084473359375 0.658988 0.30234679999999997 0.6470548453125 0.2999065828125 0.6421875 0.321025184375 0.6421875 0.3785268640625 0.6446270015625 0.40605592343749997 0.6707223375 0.445099359375 0.7268670890625 0.46950150781250005 0.773556190625 0.46828140156250003 0.80519575 0.43289828750000003 0.8265206984375 0.3767733484375 0.8322920796875 0.3218685171875 0.8116628531250001 0.2803848671875 0.7820217734375 0.24375 0.7706103484375 0.24375
0 0.49753156406250004 0.46875 0.49424650937500003 0.5219632734374999 0.47593148906250005 0.5660785515625 0.45029046250000004 0.6056339875 0.4234375 0.630288215625 0.4234375 0.6401245531249999 0.4328911953125 0.6693834234375 0.46036372343750004 0.7069196328125 0.4924150046875 0.7279365390625 0.5317922937499999 0.7339915671874999 0.5739168390625 0.7086611265625 0.602305115625 0.6633424765625 0.6105468734375 0.61188981875 0.6105468734375 0.5667458484375001 0.5968106093750001 0.52723591875 0.5583490734375001 0.4859102125 0.539419390625 0.46875 0.49753156406250004 0.46875
0 0.6428548859375 0.7125 0.6205066218749999 0.7299847578125 0.5929908828125 0.7821760656250001 0.5828125 0.8234846484375 0.5828125 0.8266569640625001 0.589987384375 0.8419079875 0.6077269046875 0.8857318109375001 0.6302156078125 0.9249418859375 0.6677397921875 0.954024378125 0.7171903421875 0.95690454375 0.7554604515625 0.9383495125 0.7752241093750001 0.8979325906250001 0.7815998390625001 0.8666311703125 0.7815998390625001 0.7887562484374999 0.7666006953125 0.750719659375 0.7374460921875 0.7184568734375001 0.7154328078125001 0.7125 0.6428548859375 0.7125
0 0.851428453125 0.6203125 0.8159404875 0.6454596734375 0.8019265984375 0.6710819265625 0.78125 0.711612325 0.78125 0.771400828125 0.7902379046875 0.8040736328125 0.8259149000000001 0.8638588921875 0.8758899203125001 0.8919213625 0.9234521421874999 0.89314146875 0.9727760109375 0.856538246875 0.9909837328125001 0.8086425125 0.9909837328125001 0.713696221875 0.97552148125 0.6796226796875 0.9392193828125001 0.6332585984375 0.895717959375 0.6234977390625 0.8683735 0.6203125 0.851428453125 0.6203125
1 0.1334913109375 0.3453125 0.0981441796875 0.39388806249999997 0.06603553125 0.49010605781249994 0.04402835625 0.61689066875 0.0421875 0.7034058937500001 0.0421875 0.7365265265625001 0.079435828125 0.8794641562500001 0.1261245484375 0.94319210625 0.1755280609375 0.9625 0.1779564765625 0.9625 0.1924911546875 0.9558408359375001 0.1924911546875 0.9555341203125 0.16920763125 0.9104942812499999 0.15545044218749998 0.848178234375 0.14243878593749998 0.7602399328125 0.14412192968749998 0.6394386484375 0.1566948703125 0.49063349843750004 0.180696478125 0.42121524218750006 0.190358296875 0.372458896875 0.1725047984375 0.3564909484375 0.1525357859375 0.35027320156249997 0.13804030312499999 0.3453125 0.1334913109375 0.3453125
1 0.26339353125 0.353125 0.2481287 0.3548313328125 0.2187173328125 0.374518209375 0.20018763750000002 0.41365754375 0.1807627359375 0.46987837812500005 0.157224928125 0.5871099109375 0.1545370171875 0.6908030578125001 0.153125 0.7473909484375 0.153125 0.7958551093749999 0.17414223906249998 0.893165065625 0.1941151765625 0.9662329875 0.21709344062499997 0.9819558625000001 0.23821965312499999 0.98061321875 0.2510607125 0.9976148078125 0.2739544859375 0.997481615625 0.2630728140625 0.9780291562500001 0.27195400468750003 0.965780134375 0.286096978125 0.8933290546875 0.286096978125 0.7560695796875 0.28548709687499996 0.7424898328125 0.285619584375 0.6351523484375 0.2780606546875 0.6047029390625001 0.25374188593749997 0.5621536859375 0.253488415625 0.514585484375 0.25883678906249996 0.4474689234375 0.275066834375 0.3998048171875 0.2840553625 0.36803940625 0.27185939062500003 0.353125 0.26339353125 0.353125
1 0.003125 0.9308256874999999 0.0081712703125 0.9432841703125 0.033904575 0.956601315625 0.0588073109375 0.9846506156249999 0.0814830875 0.9988200875000001 0.15064233124999998 0.9988200875000001 0.17244560312499999 0.9880245140625 0.1972063703125 0.9916716671874999 0.22211879843750001 0.9988200875000001 0.22681219375 0.9988200875000001 0.23659785625000002 0.9902046421874999 0.2035243484375 0.975174209375 0.165006021875 0.9692297249999999 0.12368365781249999 0.9537969796875 0.0941666765625 0.920101471875 0.0848672 0.8966079859375 0.058807371875 0.8271658984375 0.036453134375 0.7646809953125 0.03239971875 0.697938553125 0.0364106046875 0.5998756328125 0.0514459921875 0.5068228593749999 0.042927396875 0.46005646718750004 0.0279985453125 0.41392613593750005 0.0096196421875 0.4047624890625 0.0033664140625 0.403125 0.003125 0.403125 0.003125 0.9308256874999999
1 0.28787521250000003 0.6203125 0.2950808453125 0.6773579671875 0.293616615625 0.786687153125 0.290499765625 0.878565021875 0.2703125 0.948055140625 0.2703125 0.9554162843749999 0.280018765625 0.984465296875 0.3771821875 0.9960679906250001 0.3989043015625 0.9165396937500001 0.40013953124999996 0.9073640093750001 0.40013953124999996 0.6616744953125 0.39959965 0.6606617375 0.3636508 0.659514453125 0.340176534375 0.636664396875 0.3190472375 0.6203125 0.28787521250000003 0.6203125
0 0.2359375 0.007129179687499999 0.2439094375 0.039466253125 0.27262882187500004 0.08514114687499999 0.310726975 0.11240377187499999 0.3593328359375 0.11771707812500001 0.4020420234375 0.081657390625 0.43185963593750004 0.04509200625 0.4340604609375 0.036367306249999995 0.4340604609375 0.0046875 0.2359375 0.0046875 0.2359375 0.007129179687499999
0 0.6018084890625001 0.0015625 0.4375 0.0219738875 0.4375 0.04867209375 0.43835600625 0.0536886640625 0.4531714046875 0.0983661421875 0.4852533 0.1203125 0.5428781218750001 0.1203125 0.5553877234375 0.1102874421875 0.576882975 0.08684705312499999 0.5907966328125 0.053325221874999995 0.6036809484375001 0.015035396875 0.6028214000000001 0.0015625 0.6018084890625001 0.0015625