2 0.43511348125 0.5345785296875001 0.4113888140625 0.5227843765625 0.37300169375 0.5272234984375 0.3154888328125 0.5397106328125 0.2902067265625 0.5442259984375 0.2516432734375 0.5335111312499999 0.2184574671875 0.534483671875 0.20219688281249998 0.5635293828125 0.181947753125 0.6251890390625 0.169602325 0.6903915125 0.180615334375 0.7359144703125 0.1959831171875 0.7802971484375 0.22082560624999997 0.8130788296875 0.2594840078125 0.8319535374999999 0.3042596890625 0.8484375 0.34984610312500003 0.8484375 0.4001309375 0.8316061843749999 0.4443488875 0.802723125 0.47170943281250005 0.75159535625 0.4875 0.7119325828124999 0.4875 0.6464710796875 0.479773475 0.6187624515625 0.475817628125 0.5791086125 0.457199328125 0.5556880453125 0.43511348125 0.5345785296875001
2 0.626394940625 1 0.6315121859375 0.9947945984375 0.6375 0.97534884375 0.6375 0.8603697015625 0.6298700640625 0.8321476453125 0.5998937875 0.825407721875 0.5693743625 0.8093422703125001 0.53636076875 0.7803320296875 0.520947365625 0.7397821312499999 0.4968151890625 0.72880709375 0.476059796875 0.7459308375 0.4541181265625 0.8024437140625 0.41972352031250004 0.824418428125 0.36886501875 0.8475637640624999 0.371988134375 0.9011855640625 0.3765959609375 0.965359684375 0.3912117203125 1 0.626394940625 1
2 0.8284420859375 0.6203624859375 0.819049575 0.6504756578124999 0.8027596296875 0.6942780859375 0.775022921875 0.7330358765625 0.7361745359375 0.777128278125 0.710705134375 0.7880973890625 0.710705134375 0.9273929031250001 0.7189773875000001 0.9434862203125001 0.7619186796874999 0.9719365828125 0.8118093562500001 0.98125 0.8131739124999999 0.98125 0.8638239609375 0.9677174656249999 0.919272034375 0.9225613062500001 0.95758593125 0.8438340875 0.972688375 0.80241903125 0.978125 0.734278565625 0.978125 0.7208031671875 0.9666953140625001 0.68608388125 0.9485983890625 0.6467963375 0.9134575406250001 0.6203624859375 0.8284420859375 0.6203624859375
2 0.2559337453125 0.8219377265625001 0.21413336875 0.8107487859375 0.1958169546875 0.7812210546875 0.163950075 0.7812210546875 0.153718725 0.783418171875 0.10485707656250001 0.8246853453125 0.0812636265625 0.86720635 0.0812636265625 0.996875 0.1013692265625 0.996875 0.32554353125 0.9804215578125 0.334375 0.9660518781249999 0.334375 0.9653846453125 0.33238005 0.9360692984375 0.323783140625 0.8776827921875 0.30306520937500003 0.8385632125000001 0.2559337453125 0.8219377265625001
2 0.0710775875 0.39348835000000004 0.06364587656250001 0.39348835000000004 0.0384636609375 0.4283039390625 0.0051500578125 0.4738868078125 0.024946915625 0.7828125 0.048784201562500004 0.7828125 0.072231609375 0.7773498421875 0.112696384375 0.7656327 0.149195534375 0.733085765625 0.173291196875 0.6848806640625 0.1796875 0.64902594375 0.1796875 0.519159103125 0.1713748609375 0.4907652734375 0.1393316875 0.44231976093750003 0.0968272484375 0.40852405625 0.0710775875 0.39348835000000004
2 0.052561690625000004 0.78158034375 0.007310640625000001 0.7898709687500001 0.0001788203125 0.7900784843750001 0.0001788203125 0.9953125 0.05926997187500001 0.9953125 0.062423404687499996 0.9719148328125 0.0589040609375 0.9371474609374999 0.062489724999999996 0.9010110265625 0.0800024046875 0.8737679671875 0.09931408750000001 0.8371739546875 0.11979477187500001 0.8063575546875 0.140625 0.7932868859375 0.140625 0.79269520625 0.111213090625 0.7787114374999999 0.0971850625 0.7654732578125001 0.0887599296875 0.7654732578125001 0.052561690625000004 0.78158034375
2 0.000694921875 0.0962532375 0.048834224999999995 0.4703125 0.0503415640625 0.4703125 0.06837980625 0.450406478125 0.084375 0.42987270468750005 0.084375 0.22473571875 0.07471164687500001 0.19144247812499998 0.070412534375 0.134331909375 0.0335430359375 0.1006959875 0.000694921875 0.0962532375
0 0.6933039937500001 0.432980653125 0.6524715546875 0.44509352343749997 0.582426859375 0.44030363437500003 0.536985525 0.406221365625 0.534614978125 0.406221365625 0.5117320203125 0.472403759375 0.4951209296875 0.546629290625 0.5049214328125 0.618720721875 0.5355141531250001 0.7052287234375 0.5823184875 0.7680498765625 0.6442650453125001 0.8015625 0.6774262234374999 0.8015625 0.7172970484375 0.7996279046875 0.777014625 0.781503146875 0.817091459375 0.7393691421875 0.828125 0.7104096046875 0.828125 0.5329574640625 0.80492950625 0.477528546875 0.7748200546875 0.47294226093749997 0.7313140953125 0.4673801734375 0.6933039937500001 0.432980653125
0 0.5789089281249999 0 0.5225965984375 0.02483740625 0.486151740625 0.077017065625 0.458853753125 0.12228034531250001 0.4460360109375 0.200062865625 0.45167047499999996 0.291250571875 0.479594403125 0.35357714218749997 0.5166255828125 0.40217785156249997 0.5576049515625 0.42757880468750004 0.594624834375 0.4484375 0.6524259078125 0.4484375 0.6882968078125 0.4328680140625 0.658371053125 0.377374678125 0.6426561578125 0.30809609843749997 0.6340625359375001 0.23464868593750002 0.6550301968750001 0.1540473515625 0.6852714953125 0.0883199890625 0.709375 0.07314201406250001 0.709375 0.0705633703125 0.6779362953125 0.055717603125 0.6257369203125001 0.0318091953125 0.5814930515625 0 0.5789089281249999 0
0 0.8076368625000001 0.0410997625 0.7388387796875 0.049017526562500004 0.68925228125 0.102258009375 0.6576555234375 0.18175465156249998 0.641544121875 0.264331453125 0.671391721875 0.3642963453125 0.7170206343750001 0.440150975 0.7684589046875 0.47942444687499997 0.7959998234375 0.484375 0.8601683234375 0.484375 0.8856672296875001 0.479432771875 0.9414918984374999 0.4440157375 0.9703125 0.40404669843749996 0.9703125 0.20783412812500002 0.9497903015625001 0.15999698906249998 0.912441 0.10201332187500001 0.8569198484375 0.06264481718750001 0.8076368625000001 0.0410997625
1 0.3579313484375 0.40756571093750005 0.3017258859375 0.31875143437500003 0.26954155156250004 0.22327019374999998 0.24944224375 0.14011135 0.260794809375 0.0544128 0.26534171562500003 0.002708228125 0.080686515625 0.002995278125 0.06934865 0.04513094375 0.0683253703125 0.1472257 0.098766103125 0.3053185640625 0.132420478125 0.3926403 0.1821206828125 0.47597135625 0.2482892015625 0.5321713671875 0.2600647640625 0.5328125 0.3508371296875 0.5328125 0.38857724843749997 0.524819484375 0.4372861390625 0.5210188359375 0.4521891703125 0.5006853953125 0.490625 0.507133046875 0.490625 0.48391670937500003 0.46552693125 0.48714956562499995 0.45685815625000004 0.4653176453125 0.390865403125 0.45540431249999996 0.3579313484375 0.40756571093750005
1 0.449355596875 0.39245567187499997 0.4588238609375 0.3423921875 0.458132478125 0.29339360000000003 0.45380822812500005 0.22796315156250002 0.452118115625 0.1503647328125 0.46455342499999996 0.097666553125 0.47841191250000004 0.027323115624999998 0.4920442328125 0.008318859375 0.2941060875 0.002559446875 0.27899449375 0.0691386171875 0.2689115453125 0.159999609375 0.2833038984375 0.280143528125 0.3123632328125 0.3530962609375 0.35927239843750003 0.4116027265625 0.40280848281250003 0.43191667968749997 0.4202558515625 0.435145371875 0.43777634374999996 0.4696679921875 0.45178290624999995 0.478125 0.5 0.478125 0.5 0.4341571671875 0.49671478281250003 0.43464907343750003 0.475919903125 0.42315990000000003 0.449355596875 0.39245567187499997