2 0.35474553593749997 0.3234375 0.30781659375000003 0.326743634375 0.2723508234375 0.3554191390625 0.246330796875 0.39380242499999996 0.228125 0.43305386874999996 0.228125 0.579933296875 0.24835935625 0.62268343125 0.28829970625 0.6569726218749999 0.30519390625 0.66600175625 0.40091189531250004 0.66600175625 0.4359515890625 0.6416603640625 0.4725165640625 0.590274925 0.48625584843749997 0.548952221875 0.48857168125 0.49168755312499995 0.47792914062499997 0.4337098984375 0.4530903984375 0.367627340625 0.40747297812500005 0.33289263125 0.3629176453125 0.3234375 0.35474553593749997 0.3234375
2 0.1392940328125 0.0390625 0.11468459375 0.0453972984375 0.07974585625 0.0828671703125 0.05662748125 0.13885515312500002 0.046875 0.198886865625 0.046875 0.212728953125 0.059319903125 0.25225481250000004 0.09867965 0.317544203125 0.1543802015625 0.357651409375 0.21295965625000002 0.357217759375 0.2622743328125 0.325511528125 0.2844289296875 0.28339340156250004 0.29690138125 0.224101853125 0.29690138125 0.2182862375 0.2938180140625 0.166069003125 0.275953778125 0.1153029640625 0.24593342499999998 0.0748739078125 0.20774266875 0.047035943749999996 0.17376029531249998 0.0390625 0.1392940328125 0.0390625
2 0.42399165937500005 0.09375 0.3802927875 0.10334665937500001 0.3371664765625 0.138329346875 0.3153993 0.18256636875 0.3125 0.1969479046875 0.3125 0.2941454921875 0.31993801093749996 0.3151280640625 0.3470419828125 0.3114459078125 0.37832456875 0.31089986875000003 0.41904654218750004 0.3219555953125 0.45648604062500003 0.3469745234375 0.48165174374999997 0.3829045390625 0.50534120625 0.3600276578125 0.524944065625 0.3051315609375 0.5302948265625 0.23871770625000002 0.5171408734375 0.1715571640625 0.4812295921875 0.11442101874999999 0.4300494515625 0.09375 0.42399165937500005 0.09375
2 0.7033123140625 0.0859375 0.661755990625 0.10434966875 0.632002471875 0.152604821875 0.621875 0.19655060625 0.621875 0.2131560171875 0.62489431875 0.24133085156249998 0.6442192515625 0.2850265140625 0.678075865625 0.30299387499999997 0.71241764375 0.30706804062500004 0.74463323125 0.2801683640625 0.7682121265624999 0.2479764859375 0.7782409453125 0.220317909375 0.7782409453125 0.166612778125 0.7640911609375001 0.1133707109375 0.7342451343749999 0.095380021875 0.7086591890625 0.0859375 0.7033123140625 0.0859375
2 0.879407196875 0.0046875 0.8428151890625 0.0373017984375 0.8296875 0.075088821875 0.8296875 0.10605742656249999 0.8312871124999999 0.11068686875 0.8394388890625001 0.16492347031250001 0.8792836265625 0.20027830156249998 0.9422964828125 0.1870059953125 0.9704825046875 0.1506688 0.9848459859375 0.102131075 0.980760759375 0.051545731250000004 0.9633939687499999 0.0197523640625 0.9410845703125 0.0046875 0.879407196875 0.0046875
2 0.51747318125 0.3125 0.5015625 0.33468206875 0.5015625 0.4177822171875 0.52377869375 0.44819671093749996 0.55580156875 0.4698367859375 0.5833348468749999 0.47927594687499997 0.6161964 0.4627096421875 0.634315015625 0.4370599015625 0.6358687203125 0.3968051390625 0.623568690625 0.34969338125 0.599846553125 0.3162081140625 0.586906603125 0.3125 0.51747318125 0.3125
2 0.4597192578125 0.7296875 0.4410811671875 0.7575970671875 0.432286934375 0.783106384375 0.421875 0.8403514781249999 0.421875 0.8453337953125001 0.43721588125000005 0.8799822562499999 0.447029034375 0.882973625 0.5139724546875 0.882973625 0.5360330281250001 0.8524265421875 0.5544733890625 0.81575275 0.5544733890625 0.7819518984375 0.548956128125 0.7500735328125 0.5177420265625 0.75303071875 0.47838949218750004 0.7464363390625001 0.461526390625 0.7296875 0.4597192578125 0.7296875
2 0.8014427796874999 0.459375 0.7666494359375 0.4712560640625 0.738500709375 0.48555185312500004 0.73125 0.5096168375000001 0.73125 0.51514674375 0.7413796500000001 0.542025184375 0.7493075609375001 0.55763541875 0.7515771296875 0.58102086875 0.74331346875 0.6231208203125 0.7724976625 0.635690928125 0.7989932609375 0.635690928125 0.8242589515625 0.6306308390625001 0.85092779375 0.5950449843750001 0.860758384375 0.5592732 0.8627121984375 0.5242010140625 0.8627121984375 0.5099197859375 0.8427822140625001 0.47901830624999997 0.8050306468749999 0.459375 0.8014427796874999 0.459375
2 0.611169896875 0.08125 0.5702037484375 0.0890958890625 0.5452511984374999 0.1127798171875 0.5375 0.13487719375 0.5375 0.2082969453125 0.5444499015625001 0.2504749796875 0.5750300421875 0.282503878125 0.6176977578125 0.28933197499999996 0.63904396875 0.2794011890625 0.6228397515624999 0.2457390671875 0.6152100609375 0.2038354015625 0.62118526875 0.16133920625 0.63854560625 0.1245787 0.649551196875 0.08973152031250001 0.63271568125 0.08125 0.611169896875 0.08125
2 0.40685865468750004 0.846875 0.395254478125 0.869928725 0.396695525 0.9149818328125001 0.3827675703125 0.9786611640625 0.38125 0.9888385015625 0.38125 0.999970178125 0.4413581625 0.999970178125 0.4587465 0.96867906875 0.46181322187499996 0.9170710953125001 0.45866844375 0.8831806859375 0.43275767343749993 0.8625428953125001 0.40705047812500006 0.846875 0.40685865468750004 0.846875
2 0.6109375 0.020196004687499998 0.626272484375 0.05738546875 0.6545045968750001 0.08538456718750001 0.6911914203125 0.0771162671875 0.72511679375 0.07117623906250001 0.742636734375 0.051143381249999995 0.7556489046875 0.018722876562499997 0.7525187078125 0.0046875 0.6109375 0.0046875 0.6109375 0.020196004687499998
2 0.741336065625 0.0796875 0.73125 0.085660271875 0.73125 0.0995105390625 0.7533013109375 0.12198622343750001 0.7696933718750001 0.1638365984375 0.7774956625 0.1976262484375 0.7713504375 0.23555579531249998 0.7779877984375 0.23555579531249998 0.7998008249999999 0.22690219531250003 0.82236745625 0.1950127640625 0.8304520953125 0.1456217703125 0.8170061499999999 0.10849181562500002 0.7868569578125 0.0894567546875 0.7478428765625 0.0796875 0.741336065625 0.0796875
0 0.9771278640625001 0.253125 0.9381661953125 0.261192865625 0.8794795765625001 0.291319575 0.8516510671875 0.34754855 0.836295059375 0.41104615000000005 0.8359375 0.428043025 0.8359375 0.45900997187500003 0.85582904375 0.5136128656250001 0.8860759328125001 0.5422866671875 0.9597702218749999 0.5422866671875 0.968756728125 0.5400779375 0.9911324734375 0.5281362921875 0.99823220625 0.5196597859375001 0.99823220625 0.2625134375 0.98501741875 0.253125 0.9771278640625001 0.253125
0 0.76019069375 0.2421875 0.7384737671875 0.27962892968749997 0.7103694328125 0.3020459765625 0.6801212578125 0.2974925890625 0.658988 0.2899192359375 0.6470548453125 0.28664655781250004 0.6421875 0.3074076171875 0.6421875 0.3648625109375 0.6446270015625 0.3925397578125 0.6707223375 0.43337618750000007 0.7268670890625 0.461684503125 0.773556190625 0.463730209375 0.80519575 0.43058833906249994 0.8265206984375 0.376000253125 0.8322920796875 0.3215436703125 0.8116628531250001 0.2786512390625 0.7837185125 0.2421875 0.76019069375 0.2421875
0 0.533667246875 0.475 0.5051603796874999 0.48554597499999996 0.4997578015625 0.545630246875 0.48009372499999997 0.59348936875 0.45321014687499994 0.638286184375 0.4234375 0.6707245078125 0.4234375 0.6725064765625001 0.4338937984375 0.7055922734375 0.4603722828125 0.737512715625 0.4771054046875 0.7451835531250001 0.5373512703125 0.7451835531250001 0.5742804140625 0.7160423812500001 0.6040887515625 0.664920775 0.6107978609375 0.6284247890625 0.6107978609375 0.55393815625 0.6025349109375 0.5299373703125 0.5651384203125 0.49647373437500003 0.535251321875 0.475 0.533667246875 0.475
0 0.6363836265625 0.7109375 0.625539571875 0.718592475 0.596771765625 0.7691288796875 0.5859375 0.8087080328124999 0.5859375 0.8139609046875 0.5923739203125 0.8288016984375 0.6091174781250001 0.8738666984375 0.63072404375 0.91461346875 0.6676221921875001 0.9461783140625 0.71707274375 0.9522500781250001 0.7558266062500001 0.936118296875 0.7765577703125001 0.8968834484375 0.78147699375 0.8754710265625001 0.78147699375 0.7767928375 0.7713490859375 0.7487839625 0.742905884375 0.7145707546875 0.732133965625 0.7109375 0.6363836265625 0.7109375
0 0.8574603421875 0.6203125 0.8198258609375 0.647072209375 0.8053633984375 0.6728436421875 0.7834742343750001 0.714551065625 0.7828125 0.7554380171874999 0.7828125 0.7728923765625 0.7913463953125001 0.8058992828125 0.8259767203124999 0.8652370015624999 0.8754604468749999 0.8927027515624999 0.9230013093749999 0.8933687593749999 0.972965996875 0.856211440625 0.9905363843749999 0.811855540625 0.9905363843749999 0.706084059375 0.97880875625 0.6793598078125 0.9433183609375 0.6334432671875 0.8999878234375001 0.6241938828125 0.8630225156250001 0.6203125 0.8574603421875 0.6203125
1 0.10102115625000001 0.346875 0.0746358 0.382472028125 0.0464533515625 0.47560805781250004 0.034375 0.5651696421875 0.034375 0.7261863921875 0.07570754375 0.867566565625 0.124980596875 0.936399021875 0.176489803125 0.9616125328124999 0.1919723875 0.9560197546874999 0.1667218140625 0.9081315234374999 0.150429990625 0.8441781828125 0.133840025 0.7546025859375 0.1306029953125 0.6336086796875 0.137112690625 0.48567033125 0.1582814703125 0.41856355 0.165955340625 0.370674009375 0.147455759375 0.35277983125 0.133135653125 0.346875 0.10102115625000001 0.346875
1 0.2357364875 0.353125 0.2187173328125 0.3625013640625 0.20018763750000002 0.399618153125 0.1807627359375 0.4538164421875 0.157224928125 0.5689130687499999 0.1545370171875 0.6729433046875 0.153125 0.7297218859375 0.153125 0.7784977890625 0.17414223906249998 0.8790133125 0.1941151765625 0.9550026890625001 0.21709344062499997 0.97364701875 0.23821965312499999 0.9748887359375 0.2510607125 0.9935757796875 0.2739544859375 0.996251678125 0.2630728140625 0.9753384921875 0.27195400468750003 0.9641007421875001 0.286096978125 0.8929195125 0.286096978125 0.7547771203125 0.28548709687499996 0.7410351671875001 0.285619584375 0.6330235015625 0.2780606546875 0.60145045625 0.25374188593749997 0.5556426578125 0.253488415625 0.5077373625 0.25883678906249996 0.4408455296875 0.275066834375 0.3948668796875 0.2840553625 0.364000375 0.27602036406249997 0.353125 0.2357364875 0.353125
1 0.0015625 0.9098531109374999 0.0038613828125 0.9151001078125001 0.0304262296875 0.9315583046875 0.056928084375 0.9626364734375 0.0989266421875 0.9928568828125 0.123651915625 0.9934323703124999 0.1471771875 0.9891061140625 0.17133395468749998 0.979920740625 0.19641454687499998 0.986596765625 0.2254423921875 0.9982384765625 0.23593396093750002 0.989953496875 0.20190098124999997 0.9708845703125 0.16287093749999998 0.960228509375 0.1205251359375 0.939747646875 0.0890892109375 0.902462365625 0.078510440625 0.877847075 0.0486766890625 0.8052639390625 0.022932317187500002 0.7400867046874999 0.015360839062500001 0.6728955421875 0.0142545421875 0.5753935218749999 0.0244925703125 0.484247815625 0.013479350000000001 0.43647179999999997 0.001923990625 0.4046875 0.0015625 0.4046875 0.0015625 0.9098531109374999
1 0.289976359375 0.6203125 0.2969617859375 0.6781612078125 0.294862971875 0.7874578750000001 0.29121135625 0.8793194859375 0.2703125 0.9498921125 0.2703125 0.9554995343750001 0.2801086046875 0.9852414390625001 0.3772805828125 0.9962696140625 0.39948042031250003 0.9166437578125001 0.4002293703125 0.911311659375 0.4002293703125 0.660820746875 0.36568860625 0.6599220359375 0.342328421875 0.63721831875 0.320389684375 0.6203125 0.289976359375 0.6203125
0 0.4186759390625 0.003125 0.2234375 0.0295885546875 0.2234375 0.0481186875 0.23836658593750001 0.0891045109375 0.2709507578125 0.126765196875 0.27780038125 0.1296875 0.36546454375000004 0.1296875 0.39843156562500004 0.0902817609375 0.424498059375 0.0466450171875 0.4297153171875 0.011694928125 0.4284577984375 0.003125 0.4186759390625 0.003125
0 0.440625 0.0084978078125 0.44098897968750006 0.01106855 0.4547252421875 0.059281707812499994 0.5023442890625 0.10473528593749999 0.5325640703125 0.11002336406249999 0.55637359375 0.097367040625 0.5783516171875001 0.0795837390625 0.59300363125 0.049833300000000004 0.6067398953125 0.015079154687499999 0.6062618296875 0.003125 0.440625 0.003125 0.440625 0.0084978078125