2 0.30674786875 0.309375 0.2993330046875 0.313600390625 0.2704380328125 0.3464115640625 0.24284880156250002 0.392187571875 0.232054290625 0.4415746921875 0.23125 0.47613028437500005 0.23125 0.50989173125 0.25391013125 0.573063725 0.2907141765625 0.614835465625 0.336515640625 0.6498981953125 0.39196125 0.650465521875 0.43827894062499995 0.6288165921875 0.47867717499999995 0.5852321078125 0.4956398828125 0.54709346875 0.499754025 0.5137739140625001 0.499754025 0.4623189328125 0.4967220859375 0.4315327390625 0.47745899375 0.3613108984375 0.4350649953125 0.3179792171875 0.4144766796875 0.309375 0.30674786875 0.309375
2 0.109549690625 0.0390625 0.0809809171875 0.0675406375 0.05753294531249999 0.12195357968750001 0.046875 0.1846110640625 0.046875 0.193635028125 0.059566171875 0.23563449531249997 0.098552790625 0.303736459375 0.1540294640625 0.34778126875000004 0.21262135624999998 0.3514539765625 0.262128815625 0.323179084375 0.284532165625 0.282579746875 0.296547628125 0.2277810140625 0.296547628125 0.20247951875 0.2946053203125 0.16581786406250001 0.27703336875 0.1137580390625 0.2472431109375 0.07119142656250001 0.2092078265625 0.04065339375 0.20399684062499998 0.0390625 0.109549690625 0.0390625
2 0.3987548140625 0.09375 0.3549942234375 0.1241147015625 0.33016586718749996 0.16653015468750001 0.315625 0.2191262 0.315625 0.23621172499999998 0.3178915578125 0.27172483125 0.32544637656250003 0.29890969218749996 0.3527743359375 0.29729198437500004 0.38405692187499996 0.2991139875 0.423957603125 0.3132056671875 0.45960519062499994 0.3409569515625 0.48223235468750003 0.3786478203125 0.5074897390625 0.3576532265625 0.5309004046875 0.30445726562500003 0.5392880234375 0.24920079843749998 0.5392880234375 0.22591916093750003 0.53243008125 0.17082214843750002 0.5005505953125 0.111196521875 0.46511877031250004 0.09375 0.3987548140625 0.09375
2 0.677789934375 0.0875 0.64120718125 0.1042230453125 0.6171875 0.15044338125 0.6171875 0.23761513750000002 0.6178886671875 0.24101756562499999 0.64155164375 0.284834559375 0.6772069593750001 0.3030025828125 0.7119719625 0.3072774109375 0.7415424015625 0.28055973125 0.7619471171875001 0.2484985171875 0.7709852171875 0.2142998859375 0.7639612515625 0.16727676875 0.7444946031249999 0.1138414109375 0.7128498750000001 0.095673390625 0.6902417828125 0.0875 0.677789934375 0.0875
2 0.9190926796875001 0.003125 0.8860989390625 0.0081538546875 0.8432820078125 0.050146089062499996 0.828125 0.094493240625 0.828125 0.115625340625 0.831318615625 0.12473157500000001 0.8391594515625 0.1782929421875 0.87882384375 0.20997150000000003 0.94195485625 0.19077214375 0.9703709734375 0.1517340140625 0.9850267390624999 0.1017707953125 0.9812337984375 0.051485556249999995 0.9640411343749999 0.021267732812500002 0.9330057 0.003125 0.9190926796875001 0.003125
2 0.533241515625 0.3125 0.5097636734375001 0.34097065312499997 0.50625 0.3759655875 0.50625 0.41710001874999997 0.5261229453125 0.44819671093749996 0.5563473640625001 0.4698367859375 0.5832458921875 0.47927594687499997 0.6181174859375 0.4627096421875 0.6389520390625 0.43710248125 0.6389520390625 0.36271621875000004 0.6368094765625 0.34969338125 0.6161552921875 0.3162081140625 0.6034412609375 0.3125 0.533241515625 0.3125
2 0.44202678281249996 0.7265625 0.42620409375 0.75402535625 0.4203125 0.778561390625 0.4203125 0.8482392859375001 0.43593890156250004 0.876528728125 0.4561768296875 0.882998059375 0.5133767640625 0.882998059375 0.5331003859375001 0.8518567609375 0.55116229375 0.80711870625 0.5347886234375 0.749692853125 0.5034562593749999 0.751728184375 0.462802846875 0.7439519375 0.44371059687500003 0.7265625 0.44202678281249996 0.7265625
2 0.7943969281250001 0.4625 0.760286928125 0.47567505781249997 0.732585965625 0.49112037500000005 0.7296875 0.502110603125 0.7296875 0.52895621875 0.7374425359375001 0.5474623328125 0.7459301546875 0.5627441328125 0.749020625 0.5860310484375 0.7422122015625 0.6284594375 0.76225465 0.6361394890625001 0.8091840765624999 0.6361394890625001 0.8235681359375 0.6326522453125001 0.8490429359375 0.595982546875 0.8576421734374999 0.5598166390625 0.858649196875 0.5115001718750001 0.8368301578124999 0.48031715156250004 0.7989092015625 0.4625 0.7943969281250001 0.4625
2 0.643136328125 0.08125 0.5873770765625 0.0981363796875 0.5602776765625 0.12481188593749999 0.54375 0.16410430468749998 0.54375 0.2162378296875 0.54375719375 0.2165686671875 0.5474353515625 0.2630679703125 0.5753085953125 0.2916378546875 0.5832835015625 0.291991859375 0.6202273390624999 0.291991859375 0.6397892265625 0.28105621875 0.626478590625 0.24917034375 0.6224892109375 0.20801457656250003 0.632198071875 0.16467700000000002 0.6528253546875 0.1257662953125 0.6564115421875 0.11653735937500001 0.6564115421875 0.085259728125 0.6465219515625 0.08125 0.643136328125 0.08125
2 0.4640625 0.8810611734375 0.44136746562500007 0.8602152437499999 0.4182184578125 0.84375 0.41604750468749996 0.84375 0.4036298484375 0.8649680359374999 0.40217970468750003 0.9100853640625 0.384266590625 0.9727371671875 0.3796875 0.9940797281249999 0.3796875 0.9996365703125001 0.42276795468749995 0.9996365703125001 0.44048820468749994 0.9991209640625 0.460401803125 0.9680853671874999 0.4640625 0.9384756328125 0.4640625 0.8810611734375
2 0.6125 0.008816246875 0.6263597421875 0.04482939375 0.654279484375 0.0756614703125 0.691079896875 0.0710486265625 0.7250904640625 0.06848989531250001 0.74285178125 0.0501933796875 0.756247315625 0.019052284375 0.7536001578125 0.00625 0.6125 0.00625 0.6125 0.008816246875
2 0.73125 0.087125065625 0.7533013109375 0.11230327656250001 0.7696933718750001 0.156031603125 0.7774956625 0.1906428578125 0.7708945171875 0.23033008281249998 0.7998008249999999 0.2226183609375 0.82236745625 0.1937805984375 0.8304520953125 0.14568069687500002 0.8170061499999999 0.1070249078125 0.7868569578125 0.08423394375 0.7623614859375001 0.075 0.73125 0.075 0.73125 0.087125065625
0 0.9479851359374999 0.2515625 0.908386828125 0.2579894203125 0.8522582828124999 0.2854150921875 0.8328125 0.333614925 0.8328125 0.46623580468750003 0.8517583015625 0.5070224046875 0.8878303515624999 0.5394096890625 0.9119748234375 0.5424399531249999 0.9508947750000001 0.5424399531249999 0.9686509953125 0.538846675 0.9900035140625001 0.5279339953125 0.99746789375 0.518238846875 0.9816113609375 0.270801071875 0.954097346875 0.2515625 0.9479851359374999 0.2515625
0 0.7910416953125 0.24375 0.774603575 0.2485279578125 0.749599678125 0.2897243484375 0.7199325359375 0.31528323125 0.6898406421875001 0.31407437968749996 0.6690980859375 0.308832065625 0.6573212125000001 0.3068769296875 0.646875 0.342695375 0.646875 0.3643266078125 0.646925934375 0.365740596875 0.6480951578124999 0.413175528125 0.6716900031249999 0.451174171875 0.7181731640625 0.4700171453125 0.7731869546875 0.4700171453125 0.8069448187500001 0.4334879421875 0.8318642234375 0.3764674671875 0.8341438218749999 0.3629273625 0.8341438218749999 0.305445590625 0.8231794656250001 0.2806386953125 0.79477245 0.24375 0.7910416953125 0.24375
0 0.5031946078125 0.46875 0.4847242484375 0.47377150625000003 0.48384578593749994 0.533471509375 0.467690209375 0.5794093046875 0.44403814218750004 0.6215162609375 0.421875 0.645219253125 0.421875 0.6663879546875 0.4297075546875 0.686997084375 0.45877125156250004 0.7217995234375 0.49161811718750004 0.7396270296874999 0.5310522343749999 0.7417636484375 0.5717560921875 0.7122414265625 0.5978712734375 0.664097878125 0.6036694515625001 0.6118250890625 0.6015668375 0.5666811187499999 0.5860689234375001 0.5285380734375 0.545902565625 0.49103965 0.517274471875 0.46875 0.5031946078125 0.46875
0 0.6886719328125 0.725 0.6535945328125 0.726406821875 0.6188597140625001 0.759649728125 0.5916566203125 0.816331459375 0.58125 0.8612008937500001 0.58125 0.8613811015625 0.5890012953125 0.8762237546874999 0.6069895125 0.9166797593749999 0.6296984890624999 0.951720153125 0.64583836875 0.9612920921875 0.7274483390625 0.9612920921875 0.754978859375 0.9431567671875 0.7745009281249999 0.899532396875 0.7812403531250001 0.8644568109374999 0.7812403531250001 0.7922213234375 0.76502484375 0.7547250531249999 0.7356925999999999 0.7277545546875 0.7064090203125 0.725 0.6886719328125 0.725
0 0.8512424109375001 0.6390625 0.8243792750000001 0.6398795703125 0.78931263125 0.67208744375 0.7779844421875 0.6995876265625001 0.7734375 0.7115672015625 0.7734375 0.8163326156249999 0.7802358234375 0.833384159375 0.8221794546875 0.8875356328124999 0.8377751 0.8935923875 0.9319077859375 0.8935923875 0.9682732234375001 0.8587529453125 0.9833904 0.8011653593749999 0.9770108546875 0.7233467625000001 0.9524745593749999 0.6826422046875 0.91131261875 0.641911909375 0.8731250109375001 0.6390625 0.8512424109375001 0.6390625
1 0.11339903124999999 0.346875 0.087804040625 0.379674840625 0.057378429687499996 0.47211862031249996 0.037586896875 0.596544346875 0.0375 0.6193291453125 0.0375 0.71514215625 0.0775747859375 0.8646612140625001 0.12537132812500001 0.9346402093749999 0.176426221875 0.9610651546875 0.1920674046875 0.9558440625 0.1920674046875 0.9558165640625 0.1678791953125 0.90736781875 0.153035490625 0.8430467203124999 0.13848992499999999 0.753103365625 0.1380639484375 0.63206619375 0.14803776875000002 0.484322540625 0.1708250328125 0.417734946875 0.17963468124999998 0.3700401 0.16150422656250002 0.35171326718749996 0.1504823171875 0.346875 0.11339903124999999 0.346875
1 0.2357364875 0.353125 0.2187173328125 0.3625013640625 0.20018763750000002 0.399618153125 0.1807627359375 0.4538164421875 0.157224928125 0.5689130687499999 0.1545370171875 0.6729433046875 0.153125 0.7297218859375 0.153125 0.7784977890625 0.17414223906249998 0.8790133125 0.1941151765625 0.9550026890625001 0.21709344062499997 0.97364701875 0.23821965312499999 0.9748887359375 0.2510607125 0.9935757796875 0.2739544859375 0.996251678125 0.2630728140625 0.9753384921875 0.27195400468750003 0.9641007421875001 0.286096978125 0.8929195125 0.286096978125 0.7547771203125 0.28548709687499996 0.7410351671875001 0.285619584375 0.6330235015625 0.2780606546875 0.60145045625 0.25374188593749997 0.5556426578125 0.253488415625 0.5077373625 0.25883678906249996 0.4408455296875 0.275066834375 0.3948668796875 0.2840553625 0.364000375 0.27602036406249997 0.353125 0.2357364875 0.353125
1 0.017945460937499998 0.3796875 0.0046875 0.835334128125 0.0046875 0.8836702171875 0.011007698437500001 0.90204655625 0.03618720625 0.9200010093750001 0.060024943750000004 0.9525219999999999 0.09946595 0.9850936703125001 0.12419122187500001 0.9871119765625 0.1481427515625 0.9841751015625 0.1731520375 0.9764325484375 0.19769980625 0.9845513921875 0.225768571875 0.997849671875 0.237006090625 0.9902059453125001 0.2045715828125 0.9692132609374999 0.166394053125 0.9563128140625 0.1257532875 0.9334272531250001 0.09751430312500001 0.8944319640625 0.0890668265625 0.869282296875 0.06552038906249999 0.7952029015625001 0.045423945312500005 0.7287431625 0.043713521875 0.661338246875 0.0511324 0.5641034171875 0.06936277656249999 0.473866153125 0.062505578125 0.425609196875 0.05001559531250001 0.3796875 0.017945460937499998 0.3796875
1 0.2609375 0.696616903125 0.27031572812500004 0.7882274453125 0.2778587125 0.8800728187500001 0.26533966875 0.9536955546874999 0.27977154843749996 0.9860164203125 0.37676441562499996 0.9964709390625 0.38896374218749996 0.9167476671875001 0.3903019453125 0.838115328125 0.38222686875 0.753478159375 0.371980021875 0.6794846359375 0.3600958109375 0.6610538499999999 0.324573353125 0.6603290109375 0.2988249890625 0.6377714109375 0.2742080484375 0.6203125 0.2609375 0.6203125 0.2609375 0.696616903125
0 0.42317385625000004 0.003125 0.2234375 0.0278267484375 0.2234375 0.031142339062500003 0.24095438125 0.0868218671875 0.27160720625 0.12484978437500001 0.2823658328125 0.1296875 0.364731846875 0.1296875 0.4000536875 0.08987848125 0.4279947234375 0.0465657640625 0.43404032499999995 0.0155957234375 0.43404032499999995 0.004024453125 0.4339509078125 0.003125 0.42317385625000004 0.003125
0 0.6039156015625 0.0015625 0.4390625 0.015256282812499999 0.4390625 0.0347995703125 0.44082103124999994 0.0468395796875 0.45455729375000004 0.092082378125 0.49279483281249997 0.1203125 0.5399909765625 0.1203125 0.5562056453124999 0.10818704374999999 0.57818366875 0.0856511671875 0.5928356828125 0.05273234375 0.606571946875 0.015007837500000001 0.6060295546875001 0.0015625 0.6039156015625 0.0015625