8 0.681989040625 0.38604337499999997 0.70033714375 0.44832749375000003 0.698636328125 0.49810786093750004 0.7213910796875 0.5005665718750001 0.734630703125 0.4859336265625 0.74393058125 0.45780119375000006 0.7453125 0.43946675781250005 0.7453125 0.4210796109375 0.727783528125 0.3758401890625 0.6972099187499999 0.3269810875 0.6644352609374999 0.297798865625 0.630217309375 0.290625 0.5785117343749999 0.290625 0.5785117343749999 0.293337190625 0.611939103125 0.3034773984375 0.6482048140625001 0.33759745625000004 0.681989040625 0.38604337499999997
8 0.56159059375 0.3783156828125 0.5884291734375 0.4149782953125 0.615340640625 0.46881403906249997 0.6400599203125 0.5418636390625 0.643704434375 0.543673990625 0.6803945625 0.543673990625 0.6914192265625 0.526012890625 0.7015625 0.5082660437500001 0.7015625 0.441805640625 0.6972784671875 0.425413575 0.684851221875 0.3808373109375 0.6612232578125 0.3443242359375 0.633823684375 0.317293475 0.6089490750000001 0.30218450625000004 0.5743179515625 0.288767340625 0.547107640625 0.2875 0.5415352390625 0.2875 0.5170360671875 0.295757371875 0.5304500812499999 0.304967009375 0.5468982671875 0.3357801359375 0.56159059375 0.3783156828125
8 0.4481361890625 0.3541379453125 0.4762556203125 0.40779975312500005 0.498799675 0.4660852953125 0.52117091875 0.50731613125 0.54421520625 0.5357045015625 0.558749384375 0.5433059984375 0.5778402703125 0.52501681875 0.5828125 0.4932686125 0.5828125 0.43016397812499996 0.578939259375 0.40228609843749996 0.554142621875 0.34627813125 0.525798840625 0.29689714375 0.5024634734375 0.28125 0.4527616359375 0.28125 0.4519501109375 0.2813639703125 0.429368175 0.3052099234375 0.426895790625 0.3320336421875 0.4481361890625 0.3541379453125
8 0.357047328125 0.4394861375 0.3914940734375 0.4985325859375 0.42877779531250004 0.5419581421874999 0.45323084218750004 0.5519314703125 0.5 0.5519314703125 0.5 0.5486048421875 0.4863687203125 0.49530115468749997 0.4583432078125 0.4371190875 0.41727595624999997 0.3686466140625 0.3959955 0.3252416 0.3592011828125 0.3078125 0.3569203984375 0.3078125 0.336014171875 0.31503363125 0.3263252375 0.3339896625 0.3263252375 0.38183646250000003 0.357047328125 0.4394861375
8 0.187578446875 0.49279800781249994 0.20527457187499998 0.5440288859375 0.233128159375 0.5627281515625 0.2463703484375 0.5627281515625 0.2597927875 0.5450573999999999 0.2949476765625 0.5352726703124999 0.286671703125 0.4669741015625 0.292557459375 0.4217058015625 0.3223862296875 0.413436034375 0.325 0.399884240625 0.325 0.3814133421875 0.32171376875 0.35564493750000004 0.28149457187500004 0.34375 0.22998677500000003 0.34375 0.1948823421875 0.38570796875 0.18276433125 0.43301655625 0.18276433125 0.44840074375 0.187578446875 0.49279800781249994
8 0.32159458750000003 0.5145661968749999 0.3624180953125 0.51659754375 0.40266963437500003 0.535839528125 0.433694140625 0.5697804343749999 0.45756974687499996 0.6161051203125 0.46734584218749997 0.657144253125 0.4794295 0.666885346875 0.49155575 0.6412223 0.49829983437500003 0.6149258484375 0.50625 0.596352275 0.50625 0.5922825453125 0.480502921875 0.556304740625 0.44535329375000005 0.52806430625 0.411460709375 0.506157740625 0.369235909375 0.45596715468750004 0.33661182031250003 0.4039201171875 0.33390983125 0.4 0.3251328828125 0.4 0.3034883421875 0.41548096093750003 0.3034883421875 0.488178596875 0.30620689375 0.50187656875 0.32159458750000003 0.5145661968749999
8 0.5821979515625 0.5292331453125 0.5733187390625 0.5479252984375 0.5539055984375 0.557608925 0.5444605515625 0.5474678609375 0.5514662984375 0.5748568765625001 0.58372190625 0.5644252625 0.623319509375 0.5621189640625001 0.65 0.56353224375 0.65 0.557162325 0.64098453125 0.5300856875 0.615387584375 0.46529125625 0.5820750343750001 0.4137756203125 0.5619477515625 0.3875 0.561127765625 0.3875 0.5724431859375 0.4143366109375 0.58457579375 0.45425643125 0.5850108609375 0.49058108437500003 0.5821979515625 0.5292331453125
9 0.20637842343749999 0.645893403125 0.20744862656250002 0.692938834375 0.234203765625 0.7335866625 0.274871571875 0.7715271765625 0.3305222609375 0.7863828734375 0.38617294375 0.769132403125 0.4204195171875 0.7441924421875 0.43754280625 0.72530123125 0.450385271875 0.6990930078125001 0.4625 0.6693221078125 0.4625 0.6628735578125 0.45359588906250004 0.60585430625 0.417208903125 0.5527564843749999 0.3936643828125 0.5323117390625 0.3729856015625 0.521875 0.290389353125 0.521875 0.2716609578125 0.52658094375 0.245976025 0.551172046875 0.21708047812500003 0.5962278734375 0.20637842343749999 0.645893403125
9 0.0234792015625 0.5964617875 0.0234792015625 0.6703606703125 0.0407227546875 0.7050024453125 0.0790986171875 0.7358267109375001 0.12172819374999999 0.74949655625 0.169613115625 0.7449355515625 0.2028995421875 0.7297534359375 0.21478186250000003 0.7146958437500001 0.20598736875 0.6944055234375 0.199923415625 0.666605084375 0.1991419125 0.6377033109375 0.20699063281250002 0.6098219328125001 0.2134262390625 0.5765957546875 0.2203125 0.5691951765625001 0.2203125 0.5688976671875 0.2122603453125 0.558402259375 0.17891970937499999 0.5393253484375 0.14494995 0.5328125 0.1260829140625 0.5328125 0.0890224484375 0.53984835625 0.0442380859375 0.559379784375 0.024026973437499998 0.594827315625 0.0234792015625 0.5964617875
7 0.69851823125 0.6967791171875 0.7041244953125 0.7135474078125 0.719270453125 0.748945128125 0.7424684375 0.80043951875 0.763213440625 0.8123300765625 0.7978711109375001 0.8243015796875 0.8593586640625 0.8385691468750001 0.90746694375 0.8067493906250001 0.9456817687499999 0.767382159375 0.9650813640625 0.740745321875 0.9703125 0.6855531109374999 0.9703125 0.6799078046875 0.9666951515625 0.6337559078125 0.93129003125 0.6003802953124999 0.8977399374999999 0.5894852265625 0.8552544765625001 0.5678382921875 0.8088245437499999 0.5557983046875 0.7831369015625 0.5515625 0.781479803125 0.5515625 0.7471637203125 0.5672094390625 0.7202726890625 0.5938026921875 0.69851823125 0.624399284375 0.69851823125 0.6967791171875
7 0.5070914015625 0.6630416265625 0.5437112374999999 0.6441467734375 0.5988403718749999 0.6378091109375 0.641827234375 0.6535096921875 0.6626555828125 0.68011038125 0.6775842484375 0.7150546765625 0.6844210296875 0.7377129890624999 0.6917423640625 0.7377129890624999 0.706274053125 0.7194426984375 0.7041878515625 0.685021690625 0.70710976875 0.6561697515625 0.715625 0.6397281140625 0.715625 0.6077679781249999 0.7146139375 0.606044521875 0.67572925625 0.5765620953124999 0.6373927234375001 0.575 0.60183585 0.575 0.5478947328125 0.5788642359375 0.5160086890625 0.607608978125 0.5010401843750001 0.640262059375 0.5070914015625 0.6630416265625