2 0.47029510781250006 0.43451493750000003 0.47960177968749995 0.41589420468749994 0.47960177968749995 0.39599334375 0.4765674671875 0.37297361093750003 0.4630739046875 0.314414903125 0.45811632187500007 0.2887524875 0.4681602390625 0.251044728125 0.4666082375 0.21776384375000002 0.43727279843750005 0.19912633125 0.3752471703125 0.1738381140625 0.35120416875 0.1673452828125 0.2499422328125 0.1673452828125 0.22035254375000002 0.17522822031250002 0.1879978328125 0.1974085484375 0.1697940765625 0.2345457171875 0.153125 0.28066327343749997 0.153125 0.28781257656250003 0.154511334375 0.32251863593749996 0.1725965015625 0.3752877265625 0.20225725468750003 0.4218826015625 0.2538729875 0.45342654062500004 0.305407396875 0.47798114218750004 0.3170283875 0.478125 0.35765269375000003 0.478125 0.3868736296875 0.47232937656249996 0.4264664734375 0.47160615000000006 0.44956681249999997 0.45488939375 0.47029510781250006 0.43451493750000003
2 0.24267089375 0.53211315 0.280917378125 0.520557503125 0.280917378125 0.4877492890625 0.2692277296875 0.4746357953125 0.20931953281250001 0.44726409218749996 0.182544540625 0.4105888734375 0.15468145 0.36131259375 0.0136785734375 0.36131259375 0.0015625 0.3655312046875 0.0015625 0.3814501203125 0.014561426562499999 0.584295559375 0.039330921875 0.6078250546875 0.094184440625 0.6289182578125 0.127282553125 0.63125 0.149376984375 0.63125 0.203031596875 0.6213870218750001 0.20579079843749998 0.591845146875 0.21787553124999998 0.56262893125 0.24267089375 0.53211315
2 0.379603778125 0.8585858390625001 0.379603778125 0.850676534375 0.377502971875 0.830289403125 0.3436267609375 0.8220074015625001 0.3003741890625 0.8087594578124999 0.26280774687499997 0.7836536703125 0.2204565484375 0.7477650687499999 0.20610341718749997 0.7110601 0.1195744125 0.7110601 0.0966391125 0.7180050812500001 0.0538236765625 0.74232484375 0.0228989765625 0.7874859734374999 0.0109375 0.83802315 0.0109375 0.8402293890625 0.021757021874999997 0.8895556875 0.06430137500000001 0.9420439765624999 0.1415623203125 0.9749316015625 0.18247334375 0.9871564765624999 0.22072966093750002 0.9875 0.2626272578125 0.9875 0.2999540203125 0.972859575 0.3404787359375 0.95188508125 0.3691635484375 0.91443755625 0.379603778125 0.8585858390625001
2 0 0.35 0.0063153328125 0.35 0.03170255 0.346247428125 0.0920227640625 0.33276340000000004 0.13419556875 0.308691565625 0.1566221796875 0.25993106093749996 0.1728998296875 0.2169807734375 0.21162134687499998 0.191852 0.20776173125000003 0.1539788328125 0.1715832625 0.10827943749999999 0.122603209375 0.08381081875 0.10678493281250001 0.080987409375 0.001988871875 0.080987409375 0 0.0814355625 0 0.35
2 0.215625 0.0559844625 0.215625 0.0606258671875 0.2207475921875 0.08638914375 0.23102886093750002 0.1265261921875 0.262231571875 0.1619602359375 0.3028244828125 0.18125 0.4862040859375 0.18125 0.50323839375 0.17570063125 0.5526920718749999 0.141895934375 0.5878931015625 0.09812155781250001 0.60625 0.06772309374999999 0.60625 0.0659055125 0.5701906515624999 0.040331490625 0.52587013125 0.00854590625 0.216379071875 0.0392553828125 0.215625 0.0559844625
2 0.21787508125000002 0.052561690625000004 0.20984385625000002 0.007310640625000001 0.20967786249999998 0.0001788203125 0.0040428796875 0.0001788203125 0.003125 0.0464199890625 0.003125 0.0591547234375 0.02737274375 0.062423404687499996 0.0621808078125 0.0589040609375 0.0983172421875 0.062489724999999996 0.12547383437499998 0.0800024046875 0.1619762921875 0.09931408750000001 0.19269096562500002 0.11979477187500001 0.20564758906249997 0.140625 0.20623961093749998 0.140625 0.22040320625 0.111213090625 0.2342909640625 0.09659563437499999 0.2342909640625 0.089922484375 0.21787508125000002 0.052561690625000004
2 0.5517324890624999 0 0.6059514734375 0.0490603203125 0.6474028828125 0.06188575625 0.6676167546875 0.06875 0.6733010015625001 0.06875 0.695069271875 0.064940359375 0.7519122359375 0.062481553125 0.8139649906249999 0.056288965625 0.8713430093750001 0.0630166484375 0.902126128125 0.032448175 0.9037392515624999 0.000274796875 0.8994511046874999 0 0.5517324890624999 0
0 0.5168530953125 0.7271462171875 0.553474321875 0.6912051953125 0.5440405671875 0.6497361171875 0.5532738671875 0.58008931875 0.5915777875 0.5349142546875 0.52587853125 0.507643721875 0.45315591875 0.48673530625000005 0.38086845468749997 0.49231806718750004 0.292922878125 0.5178176640625 0.2274879546875 0.560881740625 0.19375 0.6150978874999999 0.19375 0.720571209375 0.2016846140625 0.7544637578125 0.24100881406250002 0.7969279890625 0.3079630375 0.8272131234375 0.3140590703125 0.828125 0.415049471875 0.828125 0.43458379843749995 0.8238109046875 0.502065278125 0.8000454078124999 0.5085465484375 0.770254275 0.5168530953125 0.7271462171875
0 1 0.5699633515625 0.977574284375 0.5213207625 0.9243249203125 0.48246608437500005 0.8782593625 0.4530753578125 0.8344440921875 0.443864609375 0.6946927046875 0.443864609375 0.6475271328125001 0.46303523281250003 0.5999961265625 0.4977834234375 0.5757837343750001 0.5375578812499999 0.55625 0.5731296203125 0.55625 0.620480275 0.5563746921875 0.6284793578125 0.5742979203125 0.6679326578125 0.62892955 0.640606971875 0.69776241875 0.628126309375 0.7709721187499999 0.62295716875 0.8521974484375001 0.6476663921875 0.9188162312499999 0.680951675 0.93602015 0.7078125 0.9363962562499999 0.7078125 0.95121061875 0.6751384671875 0.9736036125 0.6240805859375 1 0.5871243984375 1 0.5699633515625
0 0.955744596875 0.8076963750000001 0.9490395203125 0.7396271859375 0.8967263890625 0.6942058 0.8178717578124999 0.6687525828124999 0.7356694625 0.658992978125 0.635294396875 0.69644190625 0.558726421875 0.7477978484375 0.518596934375 0.802151696875 0.515625 0.817414634375 0.515625 0.9140550234375 0.516537740625 0.9191517671874999 0.5497361734374999 0.9703125 0.8113440421875 0.9703125 0.83449333125 0.9587006765625 0.8930655078124999 0.9169780078124999 0.9333613625 0.8585412765625 0.955744596875 0.8076963750000001
1 0.6126734671875 0.27276053125 0.6976993515625 0.23518635781250002 0.7912477375 0.223066490625 0.8733241859374999 0.2204519328125 0.960337075 0.249862515625 0.9998039562500001 0.2615080625 0.9998039562500001 0.098810021875 0.9983792546875 0.080359725 0.955161190625 0.060136168749999996 0.9438951390625 0.0576659734375 0.5918395750000001 0.0576659734375 0.530583221875 0.08233147187499999 0.4796875 0.1361263125 0.4796875 0.1644133890625 0.4808664921875 0.21987282812500003 0.4971206046875 0.27875580312500003 0.5046323312500001 0.3283245984375 0.526202796875 0.347527159375 0.5207379359375001 0.404368421875 0.551595459375 0.425 0.5530508046875 0.425 0.540821025 0.3637312703125 0.56211174375 0.3596486609375 0.5670769734375 0.295662353125 0.6126734671875 0.27276053125
1 0.7155021640625 0.48673145 0.7808375796875 0.4758902171875 0.8584835140625 0.46646118750000004 0.9118469265625 0.47360145 0.9829506312499999 0.480399875 0.9999354281249999 0.4904991984375 0.9999354281249999 0.33823569062500003 0.9991660484375 0.2941579609375 0.9317743437500001 0.28573442187500003 0.8402956343750001 0.28474809375 0.7206268796875 0.3110882453125 0.64890958125 0.3473434140625 0.5924938531249999 0.3999549390625 0.5741755984375 0.44539180937499995 0.571754690625 0.46311071875 0.5379923359375 0.484025471875 0.5296875 0.49975740156250004 0.5296875 0.5 0.60375005 0.5 0.615869890625 0.48786581093750003 0.666456059375 0.4923105671875 0.7155021640625 0.48673145