9 0.6820719890625 0.6890625 0.7137088375 0.6677387515625 0.741167359375 0.6324714109375 0.7667977953125 0.5843795890625 0.7703125 0.5642003890625 0.7703125 0.45798941718749997 0.7484236296875 0.4048367828125 0.7100525484375 0.3663633234375 0.6629887484375 0.33537081406249997 0.6077172546875 0.33964564375 0.5624442546874999 0.3652946171875 0.5239612859375 0.412317734375 0.5086091453125 0.4518598984375 0.5039830015625 0.5085013796875 0.5122280499999999 0.5672802765625 0.5342769859375001 0.6356775359375 0.5782815484375 0.675219703125 0.6208241171875 0.6890625 0.6820719890625 0.6890625
9 0.8699685421875 0.9578125 0.9071608421875 0.9462823265625 0.9394110781249999 0.9072068234374999 0.9546875 0.8617342593749999 0.9546875 0.75420333125 0.947962809375 0.73696035625 0.9041222234375 0.6735379765625 0.8484874828125 0.6378132187500001 0.813024953125 0.6378132187500001 0.787303075 0.6392040765625 0.7403034984375 0.6731880640625 0.721136128125 0.7163143765625 0.712652334375 0.7774407015625 0.7199619125 0.834012178125 0.7413361390625 0.8839193921874999 0.7741196765625 0.92292951875 0.8141774484375001 0.9489751500000001 0.8618668312500001 0.9578125 0.8699685421875 0.9578125
9 0.5807178078125 0.9 0.6243370125000001 0.887547921875 0.6668641953125001 0.8496826203125 0.6875 0.8046943296875 0.6875 0.688306478125 0.6810034109374999 0.671185215625 0.6539556078125 0.6766175296875 0.6226730234375 0.67917110625 0.5817451 0.67068914375 0.5438562578125 0.647986603125 0.520663078125 0.617031621875 0.5147391125 0.617031621875 0.4947576953125 0.638021984375 0.47610969687500004 0.6943593890625 0.4719197453125 0.7613394734375001 0.48625322656250003 0.8278823093750001 0.5231755359375 0.88290796875 0.5736493359375 0.9 0.5807178078125 0.9
9 0.3057903484375 0.9125 0.33232765937500003 0.9023926937500001 0.3634836390625 0.8557721734375001 0.375 0.8119124765624999 0.375 0.79083159375 0.373178553125 0.7672796625 0.3551314171875 0.7223697015625 0.3218046203125 0.702394078125 0.28758750625 0.69631165 0.25459277343750003 0.7213898796875 0.23007890625 0.7522740515625 0.2217739671875 0.773071746875 0.2217739671875 0.8508353859375 0.23027298125 0.8873935671875 0.2595891890625 0.9071590015625001 0.2719305828125 0.9125 0.3057903484375 0.9125
9 0.08382087656250001 0.99375 0.1249889359375 0.9842587078125 0.1653140359375 0.9389876453125 0.1703125 0.9208609624999999 0.1703125 0.8508286515625001 0.161961103125 0.8104157593749999 0.12912138125 0.7876863828125 0.105068059375 0.7876863828125 0.058542740625 0.8057085953125 0.032431565625 0.846932609375 0.0207037 0.8980494890624999 0.0274245421875 0.948091853125 0.0463614875 0.9770345765625 0.080261590625 0.99375 0.08382087656250001 0.99375
9 0.44845494218750004 0.6859375 0.479832003125 0.6738400828125 0.496875 0.6478788140625 0.496875 0.5622957265624999 0.475819828125 0.5359581875 0.443902803125 0.518518275 0.420890690625 0.5136829374999999 0.414933559375 0.5136829374999999 0.38342702812499996 0.53383035 0.3651465265625 0.56206480625 0.36335621875 0.6027503546874999 0.3753885125 0.648462059375 0.3989300859375 0.6789318234375 0.444593278125 0.6859375 0.44845494218750004 0.6859375
9 0.56118898125 0.278125 0.576898528125 0.2507711140625 0.58125 0.2314953953125 0.58125 0.1571401890625 0.5650120671875001 0.128103378125 0.5333635796875 0.11679719687500001 0.4884001859375 0.11679719687500001 0.4681125234375 0.148764878125 0.450799015625 0.192681115625 0.4682017390625 0.25066580625 0.4995528109375 0.249912509375 0.5404120328124999 0.2593323875 0.5605445765625 0.278125 0.56118898125 0.278125
9 0.20183626875 0.540625 0.2364540140625 0.5287439359375 0.264378903125 0.514448146875 0.26875 0.49906311406250004 0.26875 0.4788494390625 0.26051135 0.457974815625 0.2523036421875 0.44236458125 0.2496237078125 0.41897913124999997 0.257159896875 0.3768791796875 0.2277295359375 0.364309071875 0.2012096921875 0.364309071875 0.1760092265625 0.3693691609375 0.1499372859375 0.40495501562499997 0.14072224687499998 0.44072680000000003 0.13887549375 0.4889447359375 0.1601160515625 0.52098169375 0.19824511875 0.540625 0.20183626875 0.540625
9 0.36885789375 0.91875 0.4251653734375 0.9007902234375 0.45069013125 0.87381376875 0.4625 0.8407284234375 0.4625 0.794771515625 0.46139128593749995 0.7819253234375 0.45470077187499996 0.73550125625 0.4254701109375 0.7078729171875 0.3789540265625 0.7078729171875 0.3607037921875 0.7186133484375 0.3761367703125 0.7503205328125 0.38279619375 0.791401065625 0.375825840625 0.8348232843750001 0.35759474999999996 0.8739502953124999 0.345768165625 0.9103408453125 0.367814446875 0.91875 0.36885789375 0.91875
9 0.55898141875 0 0.5425951171875 0.031260690625 0.5416177249999999 0.082782765625 0.5461553859375 0.1167376 0.5730113296875 0.137976678125 0.597643434375 0.153125 0.6001807640625 0.153125 0.6103652875 0.13147130625 0.607083640625 0.086396725 0.6184745578124999 0.023060987499999998 0.61875 0.020543290625 0.61875 0 0.55898141875 0
9 0.253665775 0.9953125 0.3890625 0.975131353125 0.3890625 0.961077975 0.3885893828125 0.9533005421875 0.37387356562499996 0.9188852296875 0.362319659375 0.909375 0.3131253609375 0.909375 0.309252828125 0.910941453125 0.2751996546875 0.9230240125 0.257317615625 0.94621114375 0.24403240468749998 0.98018344375 0.24403240468749998 0.9823631984375 0.24681170312499998 0.9953125 0.253665775 0.9953125
9 0.2635681765625 0.9234375 0.26875 0.9208553593750001 0.26875 0.911145059375 0.2446651953125 0.8840769453125 0.229019240625 0.8409468578125001 0.2218138296875 0.806597334375 0.2291184453125 0.7665735984375 0.20004159999999999 0.7754818 0.1769420359375 0.8052916984375 0.16800470781250001 0.8538028875 0.18078981875 0.891972609375 0.21057661875 0.9135670953125 0.23973855624999998 0.9234375 0.2635681765625 0.9234375
7 0.101673384375 0.75 0.1461331671875 0.7355107875 0.1671875 0.687827421875 0.1671875 0.5608647234374999 0.1479227515625 0.51621134375 0.1120501984375 0.4784871125 0.06393370937500001 0.464941396875 0.031250928125 0.4663568515625 0.0098414125 0.473807728125 0.0023228828125 0.48223354843750005 0.0167344921875 0.7296713234375 0.0405689921875 0.75 0.101673384375 0.75
7 0.2333967515625 0.75625 0.2531835703125 0.72597369375 0.2824239921875 0.705392975 0.31255855781249997 0.7119011625 0.33340779375 0.7208369515624999 0.345227340625 0.7248797046875 0.3546875 0.6918445734375 0.3546875 0.6689880687499999 0.3545984890625 0.667300725 0.3525971609375 0.61922345 0.3283195625 0.5767284015625 0.2733108984375 0.544806665625 0.22656499375 0.539739903125 0.19327810625 0.5708084999999999 0.169340159375 0.6239749140625 0.16544355625 0.6492619828125 0.16544355625 0.6884902015625001 0.1797104625 0.7222124734375 0.20314925625 0.75625 0.2333967515625 0.75625
7 0.48163494062499995 0.5203125 0.507129003125 0.5096978984375 0.5097484515625 0.44946287656250006 0.5272541828125 0.4008499953125 0.5521498125 0.354997915625 0.5765625 0.3260634359375 0.5765625 0.30908945 0.5683990390625 0.2869757546875 0.54033019375 0.2561859515625 0.5366114703125 0.25467474375 0.459231846875 0.25467474375 0.42699004843750005 0.2823295953125 0.39945365312500003 0.3346195296875 0.39212766875 0.388096109375 0.392915659375 0.43324007968749995 0.40731213281249995 0.46937680625 0.4464125796875 0.501257546875 0.47563640156250003 0.5203125 0.48163494062499995 0.5203125
7 0.3548385265625 0.2828125 0.38772035 0.2528634890625 0.413361378125 0.1979845125 0.421875 0.15675250937500002 0.421875 0.1524249515625 0.414277128125 0.1381566015625 0.395046359375 0.09634853125000001 0.3712368375 0.05963415 0.3401191359375 0.03936639375 0.2791845671875 0.03936639375 0.24577895781249998 0.05937690625000001 0.227463940625 0.10171359218750001 0.220137934375 0.145978671875 0.21922218437500002 0.198485940625 0.24120020625 0.2474867 0.2714199859375 0.27658187500000003 0.30621851875 0.28228175312500003 0.32374012812499997 0.2828125 0.3548385265625 0.2828125
7 0.1299954515625 0.3609375 0.146179275 0.36053585625 0.18405951250000002 0.3285454765625 0.1980734015625 0.30112141875 0.21875 0.257950415625 0.21875 0.1985532765625 0.20976209531249998 0.167357509375 0.1740851 0.11297766718749999 0.157225384375 0.10594188125 0.06703850312500001 0.10594188125 0.0272239890625 0.1408903765625 0.0090162671875 0.19103152343750002 0.0090162671875 0.2853563140625 0.02447851875 0.317033740625 0.0607806171875 0.3579924046875 0.0965348 0.3609375 0.1299954515625 0.3609375
8 0.892311703125 0.6546875 0.9253642 0.60675593125 0.9535466484375 0.510708434375 0.965625 0.41984159062500004 0.965625 0.2586384515625 0.9242924562500001 0.121206478125 0.875019403125 0.057196140625 0.8245914046875 0.0375 0.8225944078125 0.0375 0.8080276124999999 0.0442171984375 0.8332781859375 0.08964887656250001 0.8495700093749999 0.1520555 0.8661599750000001 0.240084378125 0.8693970046875 0.36089631875 0.862887309375 0.5096535171875 0.8417185296874999 0.5789439 0.834044659375 0.6276522921875001 0.8525442406250001 0.6437268015625001 0.8727617484374999 0.6500617656250001 0.886232365625 0.6546875 0.892311703125 0.6546875
8 0.7653622859375 0.6453125 0.7854896421875 0.6424642921875 0.8138779203125001 0.6219512328125 0.8303614359375 0.5823321796875 0.846844953125 0.525631625 0.8609375 0.43026974687499997 0.8609375 0.2839255140625 0.858749715625 0.20432766249999998 0.8312771890624999 0.1027980046875 0.8074676640625 0.030423009374999997 0.7836581390624999 0.0153930609375 0.7625958703125 0.0173486796875 0.7492114984375 0.0011721578125 0.736680571875 0.0011721578125 0.7259658328125 0.0015463249999999999 0.7378705953125 0.0206523203125 0.7296288359374999 0.0331412015625 0.714976821875 0.1361418796875 0.721387078125 0.1908228609375 0.727797334375 0.25648480625 0.733291840625 0.36366238281249996 0.7424493484375 0.3938452828125 0.7690061265625 0.4356216546875 0.771753378125 0.4831099046875 0.7699218765625 0.5502797687500001 0.7561856125 0.5983436390625 0.74885960625 0.630322259375 0.7622462750000001 0.6453125 0.7653622859375 0.6453125
8 0.996875 0.09820404687499999 0.9918287296875 0.085136621875 0.966095425 0.068678425 0.9411926890625001 0.037600256250000005 0.9007292874999999 0.007379846875 0.8760040140625 0.006804359375000001 0.8522228828125 0.011130615625 0.827554396875 0.0203159890625 0.8027936296875 0.013639964062500001 0.774341465625 0.001998253125 0.76340214375 0.0102832328125 0.7964756515625 0.029352159375 0.8349939781250001 0.040008220312499995 0.8763163421875 0.0604890828125 0.9058333234375 0.0977743640625 0.9151328 0.1223896546875 0.941192628125 0.194972790625 0.9635468656249999 0.2601500234375 0.96760028125 0.3273411859375 0.9635893953125001 0.4248432078125 0.9485540078125 0.5159889140625 0.9570726031250001 0.563764928125 0.9720014546875 0.611690146875 0.9884108749999999 0.621875 0.996875 0.621875 0.996875 0.09820404687499999
7 0.7390625 0.33463726562499996 0.731917328125 0.3019277 0.7238953703125001 0.19353001875 0.7190182453125 0.1021179015625 0.7337410671875 0.025895626562500003 0.7222243500000001 0.00011687656250000001 0.6298389484375 0.00011687656250000001 0.6231693984375 0.0004504984375 0.6085885703125 0.0827733078125 0.6049399515625 0.162272159375 0.6105624374999999 0.24633165468749998 0.61867659375 0.31931424375 0.6300631796875 0.33601200468750003 0.6656922703125 0.3311045125 0.6908719203125 0.349762803125 0.723377575 0.36816526562499996 0.738163325 0.3734375 0.7390625 0.3734375 0.7390625 0.33463726562499996
7 0.7734375 0.994702071875 0.7612015875 0.9572234265624999 0.7291005140625 0.9121005562500001 0.6892120562499999 0.8855360781250001 0.6407056546875001 0.8810832796874999 0.6013781578125 0.9178573515625 0.5748427734375 0.954909815625 0.5692276703125 0.9883235718750001 0.5701461875 0.9953125 0.7734375 0.9953125 0.7734375 0.994702071875
7 0.40402846718749996 0.9984375 0.5625 0.988979103125 0.5625 0.9524167531250001 0.5479785953125 0.911488284375 0.5044330875 0.8796875 0.46279515 0.8796875 0.44505138125 0.893006478125 0.4241603921875 0.9150283796875 0.4111709 0.9476045515625 0.399352928125 0.9850078218749999 0.40059965000000003 0.9984375 0.40402846718749996 0.9984375