9 0.2296875 0.610196315625 0.26005871406250003 0.6428913281249999 0.28973772656249996 0.6625 0.36352880625 0.6625 0.4075485859375 0.6370859359375001 0.45124214062499995 0.5882322171875 0.47097591406249995 0.5479428671875 0.481878446875 0.4910398734375 0.4801466328125 0.432597209375 0.46567673593750003 0.365171290625 0.426053803125 0.3276465234375 0.3817298546875 0.314814096875 0.3289896296875 0.3151423921875 0.28979755625000003 0.34144118125 0.2584310921875 0.37801609375 0.2296875 0.4238104671875 0.2296875 0.610196315625
9 0.0453125 0.269634625 0.0782303375 0.3280267296875 0.125566953125 0.3609375 0.19152212500000002 0.3609375 0.2416381328125 0.3274242734375 0.266284559375 0.2841719109375 0.28257600625 0.22297555937500002 0.2825261765625 0.1664274265625 0.267589840625 0.11662758749999999 0.2398744296875 0.07779486249999999 0.20324106875 0.0519733171875 0.1518507390625 0.042499762499999996 0.11012069843750001 0.055207685937499994 0.07293931249999999 0.0944839328125 0.046519264062499996 0.1516481609375 0.0453125 0.15715169843750001 0.0453125 0.269634625
9 0.3296875 0.2451040625 0.3388091078125 0.29095581875 0.34995313281249996 0.31744010624999996 0.3768503875 0.3134404515625 0.4081329734375 0.312530221875 0.44961290624999994 0.32311903750000004 0.488706134375 0.3477177453125 0.5145738296875 0.38125 0.5182567453125 0.38125 0.5384570703125 0.360210584375 0.539371659375 0.35707505624999997 0.539371659375 0.176248884375 0.5381293890625 0.171487959375 0.49849721562499993 0.11473468125 0.443736378125 0.0938088796875 0.396733546875 0.10482759999999999 0.355812209375 0.1403332265625 0.336870153125 0.1848503984375 0.3296875 0.23727693125 0.3296875 0.2451040625
9 0.61875 0.22715048906250002 0.619751140625 0.235229003125 0.6398413671875 0.279774271875 0.6740153 0.29914675 0.6990034609375 0.303125 0.710291475 0.303125 0.7401806859375 0.27900076406249996 0.7631996078125 0.247723846875 0.77502619375 0.2139173625 0.7718363984375001 0.16675419375 0.7567267609375 0.11275862343750001 0.72656341875 0.0935262 0.7040646781250001 0.0843545109375 0.6916583359375 0.0843545109375 0.6542236 0.09955490624999999 0.6253100390624999 0.146666359375 0.61875 0.17721814375 0.61875 0.22715048906250002
9 0.828125 0.195620428125 0.8457879578125 0.2109375 0.8602106421875 0.2109375 0.9159260546875 0.19292280625 0.9503595765625 0.1528766046875 0.972659071875 0.10238134843749999 0.976509859375 0.052208115624999996 0.96387090625 0.0225783359375 0.932885515625 0.003929646875 0.88771766875 0.0121806546875 0.8383954375 0.0556849984375 0.828125 0.07669378125000001 0.828125 0.195620428125
9 0.509375 0.36460406875 0.512556721875 0.39496945625 0.5204420640625 0.4323742078125 0.546325890625 0.4612293015625 0.5802696984375 0.47939732187499995 0.602169446875 0.484375 0.6106509171875001 0.484375 0.638779309375 0.4657793265625 0.638779309375 0.3626740125 0.6344772921875 0.3511524625 0.6074782671875 0.3201599515625 0.558098871875 0.31161029375 0.5269340171875 0.3233660734375 0.509375 0.354967021875 0.509375 0.36460406875
9 0.4203125 0.8240125015625 0.43872975 0.861588434375 0.476709090625 0.8787159875 0.49345008593750006 0.8796875 0.5144720484375 0.8796875 0.536326934375 0.8494739234375001 0.5544531625 0.809887340625 0.5544531625 0.8025444703125 0.5409717125 0.7481334515625 0.5096704703125 0.746154515625 0.46935939375 0.7332317749999999 0.45171467656250003 0.7144527671875001 0.448386125 0.7144527671875001 0.43257391093750003 0.7385704140625 0.42578390156249996 0.7629406234375 0.4203125 0.8157879046875 0.4203125 0.8240125015625
9 0.734375 0.51385751875 0.7474253 0.5419207390625 0.7567550437499999 0.557577753125 0.7610806296875 0.5809772343749999 0.756461728125 0.6230304062500001 0.7835459671875 0.634375 0.8213684000000001 0.634375 0.8384352203125 0.631012903125 0.8621134890625 0.5955814187499999 0.8628134984375 0.5918756390625 0.8628134984375 0.5054822406249999 0.8437812765625001 0.47950328593749997 0.8026455203125 0.4588910390625 0.7666204890625 0.47129663437499997 0.7395932265625 0.48542869375000003 0.734375 0.509634653125 0.734375 0.51385751875
9 0.54375 0.15717841875 0.5516826421875 0.2016419171875 0.5627654859375 0.24896390625000003 0.5955190921875 0.2813387046875 0.63173053125 0.2875 0.6410350171875 0.2875 0.656416840625 0.2802721078125 0.656416840625 0.27397679375 0.6406307078125 0.24514416093750002 0.63007808125 0.20316570781249998 0.6330554078125 0.16075365156250002 0.6477925984375 0.1242081625 0.6563249359375 0.0895012140625 0.63325325 0.07799159375 0.6315817890625001 0.07799159375 0.57712738125 0.0879400640625 0.5538986140625 0.111324834375 0.54375 0.14744605625 0.54375 0.15717841875
9 0.3828125 0.9940827531249999 0.43609174531250006 0.996875 0.44475499999999996 0.996875 0.462097696875 0.9677724375000001 0.4643863578125 0.9204732390625001 0.4643863578125 0.91496104375 0.46102556406249995 0.8824129125000001 0.43484497187500004 0.8578870843749999 0.41144398125 0.8402509234375 0.407705125 0.8402509234375 0.39738438125000003 0.859579715625 0.3993508703125 0.9047716796874999 0.3861471671875 0.9662292750000001 0.3828125 0.9898636218749999 0.3828125 0.9940827531249999
9 0.6109375 0.025275221874999997 0.6112389640625 0.0279525078125 0.627871775 0.0643745796875 0.6550341390625001 0.0890625 0.663549265625 0.0890625 0.6933871109374999 0.080699528125 0.7270568859375001 0.072984621875 0.743852628125 0.052040339062499996 0.7557146015625 0.018948259375000002 0.7515900765625 0.0031294859375 0.6109375 0.0059681109375 0.6109375 0.025275221874999997
9 0.7296875 0.0832958171875 0.7611517390625 0.11639668750000001 0.7790396515625 0.159356196875 0.788038625 0.19363109218750002 0.782969253125 0.2328125 0.7857455 0.2328125 0.8114122531250001 0.22450142031250003 0.83291041875 0.1944143328125 0.834375 0.18324267968750002 0.834375 0.1331425625 0.82451466875 0.10775474375 0.7936389187499999 0.0865014140625 0.75238086875 0.0732294265625 0.747865240625 0.0732294265625 0.7296875 0.08276598125 0.7296875 0.0832958171875
7 0.8328125 0.43121674218750006 0.8557855984374999 0.490441428125 0.8898671406249999 0.5265778796875 0.935883790625 0.5375 0.9418989421875 0.5375 0.9704745156250001 0.53493180625 0.99239575 0.5264510203125 0.9984760390625 0.5197639749999999 0.9984760390625 0.2698019171875 0.97261740625 0.248047375 0.9537255109375 0.248047375 0.9267031484375 0.2494134234375 0.8691528078124999 0.270455375 0.8438241124999999 0.32264668125 0.8328125 0.3769855265625 0.8328125 0.43121674218750006
7 0.6421875 0.415905553125 0.662685125 0.44867314374999995 0.7103670609375 0.46875 0.7649702265625 0.46875 0.7977976640625 0.43333886093749996 0.8220626031249999 0.37670237968750003 0.8307100593750001 0.321648346875 0.81225386875 0.2806336125 0.7827092359375001 0.2423148640625 0.76327960625 0.24764289375 0.73874521875 0.28843929375 0.709362628125 0.31350218750000003 0.6792422796875 0.3117653453125 0.658428584375 0.306155040625 0.6466232546875 0.3039919109375 0.6421875 0.31976210625 0.6421875 0.415905553125
7 0.421875 0.6947320968749999 0.4233054921875 0.6994938328125 0.449385984375 0.7323772859375001 0.4691183578125 0.7421875 0.52696781875 0.7421875 0.5634362562499999 0.7148873890624999 0.5938131546875 0.6647608921875 0.6041926828124999 0.6119124078125 0.6060321578125001 0.5667684359375 0.5938370765625 0.529584884375 0.5568670078125 0.4947730375 0.5267257859375001 0.4718210515625 0.49707375000000004 0.4817266578125 0.49097468125 0.5416825281250001 0.470770471875 0.58889964375 0.44338939999999993 0.6327976515625 0.421875 0.6552421749999999 0.421875 0.6947320968749999
7 0.584375 0.8505902796875 0.59329113125 0.8656583796874999 0.614759909375 0.9071297734374999 0.6405516687499999 0.9434273187500001 0.6666332265625 0.959375 0.73815680625 0.959375 0.7663292609375 0.94148815 0.7811977046874999 0.902193809375 0.7811977046874999 0.7930944953125 0.7610607765624999 0.7532981953125 0.7292424171875 0.7247320828125 0.6940602234375 0.719641428125 0.6462493453125 0.719032675 0.6139012 0.7504865578125 0.5910736703125 0.8058144359374999 0.584375 0.8493065265625 0.584375 0.8505902796875
7 0.7828125 0.7116645140625 0.7899015984375 0.7599535453125 0.804280459375 0.794628375 0.8486742328125001 0.8562050078125001 0.9027408031249999 0.8866559781250001 0.9361578140625 0.8890625 0.9518004234375 0.8890625 0.9906964140625 0.858656940625 0.9906964140625 0.711437496875 0.9714189015624999 0.678537171875 0.9283568515624999 0.6303817171875 0.88343228125 0.6185735703125 0.8769420609375 0.6175313265625 0.8329857265625 0.6175313265625 0.8068568921875 0.63686745 0.7965787640624999 0.66189258125 0.7828125 0.6988599843750001 0.7828125 0.7116645140625
8 0.0359375 0.69324315 0.0365520734375 0.7383046890625 0.0795213234375 0.88251700625 0.12842523749999998 0.9448329296875 0.1692040484375 0.959375 0.1874714015625 0.959375 0.191859959375 0.957203221875 0.191859959375 0.94926028125 0.1703581234375 0.9109095703125 0.15442834218749998 0.8490464375 0.13834949375 0.7615610515625 0.13581525156250002 0.6408130515625 0.14319100625 0.491768121875 0.1647644203125 0.42171045781250005 0.1727222453125 0.372714334375 0.154314946875 0.357279225 0.1341329359375 0.3516476046875 0.115782425 0.345973353125 0.081274925 0.3968077 0.0525316671875 0.4938782421875 0.0359375 0.6140780734375 0.0359375 0.69324315
8 0.2110111640625 0.3515625 0.185174965625 0.36733329062500003 0.16800994375 0.4052240859375 0.15054676250000001 0.460196384375 0.1375 0.537974325 0.1375 0.7983796078125 0.158724446875 0.8846622468750001 0.18125615 0.9595336124999999 0.2047888140625 0.9770599328125 0.225872378125 0.9773126421875 0.23931048281249998 0.9953546796875001 0.261052071875 0.996875 0.2621584828125 0.996875 0.2506402484375 0.9766013875 0.2590949765625 0.964976634375 0.27553594531250003 0.863512184375 0.27008405468749996 0.808159103125 0.2648238390625 0.74182505625 0.26120347499999996 0.6340713953125 0.2525783921875 0.602928353125 0.2267670125 0.558367565625 0.2248503453125 0.5105912734375 0.22785318437500002 0.4436134390625 0.2424200328125 0.396989784375 0.25029976249999997 0.3657792765625 0.23892477343750002 0.3515625 0.2110111640625 0.3515625
8 0.003125 0.6514419218749999 0.015355696875 0.5768312078125 0.04161921875 0.48559489375 0.0389392546875 0.4378668453125 0.0298490328125 0.39002690625 0.0128175078125 0.37872625000000004 0.008310640625 0.3769423140625 0.003125 0.3769423140625 0.003125 0.6514419218749999
8 0.0015625 0.9730653874999999 0.0264760546875 0.9933270421874999 0.051201328125 0.9937586234375001 0.07558129375 0.9892937906249999 0.101447446875 0.9799645124999999 0.125459671875 0.98649663125 0.1462807015625 0.9953125 0.1563845328125 0.9953125 0.164551740625 0.9896241781249999 0.133723859375 0.9707471265625 0.0964032015625 0.96031491875 0.057476171875 0.9400739015624999 0.0324504453125 0.9029591734375 0.0261451390625 0.8783971828125001 0.0089181109375 0.80596328125 0.0015625 0.7727810500000001 0.0015625 0.9730653874999999
8 0.37103356718749997 1 0.4 0.9993937687500001 0.4 0.7128821609375 0.3943566609375 0.6806606578125 0.38187321406249997 0.6636430875 0.3464791640625 0.6675111890625 0.32004596093750004 0.64813331875 0.2862867484375 0.6287980703125 0.2609375 0.6192675265625 0.2609375 0.6199980875 0.2819777484375 0.6947424734375 0.296972609375 0.8033000625 0.307725778125 0.8947921328125 0.2978604875 0.9705346890625 0.3127607234375 1 0.37103356718749997 1
7 0.221875 0.015147040625 0.23306349843750002 0.0710382125 0.2593502875 0.11161590937500002 0.2885441640625 0.128125 0.3466103515625 0.128125 0.3899797875 0.0871436953125 0.42215844843749994 0.046080784375 0.43256178749999996 0.0117312578125 0.43263228906249995 0.0017583546875000002 0.221875 0.0105543484375 0.221875 0.015147040625
7 0.6059111703125 0.00134475625 0.4375 0.009431159375000001 0.4375 0.01679025625 0.44201225468749994 0.04100595 0.45763770781249996 0.0867302546875 0.5004256687499999 0.11875 0.5434209078125 0.11875 0.560280371875 0.10639805468750001 0.5814132296875 0.084632584375 0.5947726390625 0.052227365625 0.6070174359375 0.014984365625000001 0.6059111703125 0.00134475625