9 0.49972090312499995 0.45332798125 0.4996674546875 0.452992684375 0.4813220328125 0.41551507968749996 0.4392794890625 0.3735501328125 0.3920649015625 0.3537851546875 0.336469809375 0.3566330546875 0.29175209375 0.3936127875 0.25629339375 0.43693796249999994 0.2359375 0.500574221875 0.2359375 0.517567503125 0.23895940468750002 0.5694516000000001 0.2515103359375 0.6184421 0.280781246875 0.6631273984375 0.306953103125 0.690625 0.43440770312500004 0.690625 0.4469030375 0.68481718125 0.48791432031250004 0.639700703125 0.49972090312499995 0.5899580984374999 0.49972090312499995 0.45332798125
9 0.29712449375 0.84581604375 0.29712449375 0.7561960984375 0.2873959890625 0.7166604453125001 0.26374778125 0.6747946218750001 0.21327555468749998 0.6436584078124999 0.15462142031249998 0.6439069109375 0.10026511874999999 0.684668234375 0.0631457890625 0.7504248546875 0.0515625 0.79191446875 0.0515625 0.7989435140625 0.06441144062500001 0.8638712359375 0.0895088515625 0.9195975703125001 0.12579184062499998 0.9566656265625 0.1369247140625 0.959375 0.1969923390625 0.959375 0.21888725468749998 0.9539430140625 0.256144503125 0.9256565125 0.284783265625 0.8848723625 0.29712449375 0.84581604375
9 0.5277321609375 0.6948830921875 0.5065414625 0.63907091875 0.4844139296875 0.6173544 0.48069957343749997 0.6173544 0.458091040625 0.65016103125 0.42139876249999997 0.6737076937500001 0.3810192640625 0.6831275703124999 0.349736678125 0.6813055671875 0.3225393046875 0.676511034375 0.3140625 0.702256653125 0.3140625 0.775001875 0.32186122500000003 0.809170878125 0.3449049015625 0.8543894125 0.38902750468749997 0.891204253125 0.43499974531249996 0.903125 0.438289375 0.903125 0.489590696875 0.8842195203125 0.5238207375 0.8284247718750001 0.5350132375000001 0.761656834375 0.5277321609375 0.6948830921875
9 0.777754909375 0.771485515625 0.7697954250000001 0.7515014828125001 0.74509419375 0.71944026875 0.7119433265625 0.6927225890625001 0.67775119375 0.6969974171875 0.64453056875 0.715165440625 0.6267394953125 0.758982434375 0.625 0.7831189359375 0.625 0.8027029140625 0.6369527796875001 0.8476851312499999 0.668389803125 0.8957769546875 0.7072136125 0.9125 0.71966545625 0.9125 0.7411782359375 0.9043266093750001 0.770388271875 0.8861585890624999 0.777754909375 0.8541704843750001 0.777754909375 0.771485515625
9 0.9871880109375001 0.8964836343749999 0.9717585453125 0.8469034484375 0.9424221968750001 0.8061846656249999 0.8901656375 0.7873803781250001 0.8734084265625001 0.7873803781250001 0.8398755031249999 0.8126882125 0.8332782203125 0.8658294171875 0.8296875 0.8765746703125 0.8296875 0.892829221875 0.8469825890625 0.941161859375 0.8907943609375 0.985675071875 0.9292637125000001 0.99375 0.9372526734375001 0.99375 0.9684629749999999 0.9770896203125 0.9849592484375 0.947852178125 0.9871880109375001 0.9052997671874999 0.9871880109375001 0.8964836343749999
9 0.6393779953125 0.5616439015625 0.6187805125 0.53200996875 0.5941360078125 0.5144331656250001 0.54620466875 0.5144331656250001 0.5268359171875 0.5233208171875 0.5078125 0.5483225890625001 0.5078125 0.589864234375 0.5117002890625 0.6248976734375 0.53727836875 0.6612967750000001 0.5686985109375 0.6765625 0.600582378125 0.6765625 0.618516440625 0.675888653125 0.6388085234374999 0.648052590625 0.6393779953125 0.644540684375 0.6393779953125 0.5616439015625
9 0.5523391671875 0.192945134375 0.5335300734375 0.1510139421875 0.51120155 0.1199005578125 0.4742730453125 0.1224727171875 0.43610707499999996 0.1400394640625 0.4203125 0.17170033125 0.4203125 0.22029129531249997 0.42201657812500004 0.23881809999999998 0.428520425 0.263104209375 0.44130812343750003 0.2828125 0.451307659375 0.2828125 0.46523125624999995 0.26801299843750004 0.50567919375 0.2546230296875 0.5369928765624999 0.25227965625 0.5523391671875 0.192945134375
9 0.8482580437499999 0.40578052500000006 0.823580440625 0.37281475 0.78060214375 0.368419903125 0.74195046875 0.388343809375 0.7477873109375001 0.429649796875 0.7441487687499999 0.45327343437499995 0.735287465625 0.469677634375 0.7296875 0.4830002390625 0.7296875 0.526711046875 0.756512553125 0.5379854671875 0.7735376859375 0.5421875 0.8007988125000001 0.5421875 0.83332981875 0.5226805609375 0.855921140625 0.4885792984375 0.8560351734375 0.44059955000000006 0.8482580437499999 0.40578052500000006
9 0.61720380625 0.7958299656250001 0.6238632296875 0.753963671875 0.6392962078125 0.7203903046875 0.6177012093750001 0.7103333921874999 0.5751578875 0.716913909375 0.545299228125 0.74876996875 0.5386087140625 0.795979796875 0.5375 0.8089525328124999 0.5375 0.8548767187499999 0.54930986875 0.8864931609375001 0.5748346265625 0.9103265703125001 0.6177352828125 0.91875 0.637159671875 0.91875 0.654231834375 0.9101533999999999 0.64240525 0.8752361515624999 0.624174159375 0.838368203125 0.61720380625 0.7958299656250001
9 0.3796875 0.018553584375 0.384593075 0.0396665375 0.4032326796875 0.0999196609375 0.40520988593749996 0.14518690625 0.4124435734375 0.15625 0.428978590625 0.15625 0.4429902375 0.1437930796875 0.4640625 0.12055893124999999 0.4640625 0.056025534375 0.46075677812500004 0.03187518125 0.44048705625 0.0038379375 0.3796875 0.012022343750000001 0.3796875 0.018553584375
9 0.724510203125 0.9288237609375001 0.6906700078125 0.9228837328124999 0.654096759375 0.9146154328125 0.6255523171874999 0.9426145312499999 0.6097716 0.9798520890625 0.609375 0.9843127765625 0.609375 0.9953125 0.7511256703125 0.9953125 0.7544176546875 0.9812771234375001 0.741788796875 0.94885661875 0.724510203125 0.9288237609375001
9 0.820690675 0.8049872359375 0.7990141109375 0.7730978046875 0.7774160125 0.7644442046875 0.7707673984375 0.7644442046875 0.77581888125 0.8023737515624999 0.767019715625 0.8361634015625 0.7493815625 0.8780137765625 0.7296875 0.897476371875 0.7296875 0.9164162796875001 0.736164678125 0.9203125 0.7426825218750001 0.9203125 0.7820471437500001 0.9105432453125 0.8128015812499999 0.891508184375 0.8273512078125 0.8543782296875 0.820690675 0.8049872359375
7 0.9694035890625001 0.459690615625 0.9637772296874999 0.4581785921875 0.88395805 0.4581785921875 0.8569169593750001 0.4834589359375 0.8375 0.53806691875 0.8375 0.55166250625 0.8386065437499999 0.5854647265625 0.8546881578125 0.6492643625000001 0.8831426796875 0.706097409375 0.9421138484375 0.73758328125 0.9824711984375 0.746875 0.9888269718749999 0.746875 0.9988224859375 0.739951340625 0.9988224859375 0.480472365625 0.9918931546875 0.47215003749999995 0.9694035890625001 0.459690615625
7 0.8318642234375 0.62382330625 0.8069448187500001 0.5682099125 0.7730391859375 0.5335728 0.7262719468750001 0.533439725 0.6716900031249999 0.559142046875 0.6480951578124999 0.598782284375 0.646925934375 0.646451728125 0.646875 0.6478737406249999 0.646875 0.66957770625 0.6573212125000001 0.70484636875 0.6690980859375 0.702129065625 0.6898406421875001 0.6955382984375 0.7199325359375 0.6923947125 0.749599678125 0.716136115625 0.774603575 0.7558668 0.7831568 0.7578125 0.795909384375 0.7578125 0.8231794656250001 0.7205315031249999 0.8341438218749999 0.6949377328125 0.8341438218749999 0.6372626828125 0.8318642234375 0.62382330625
7 0.6107978609375 0.37175335 0.6040887515625 0.33638106875 0.5742804140625 0.2908948890625 0.5312683328125 0.2653158578125 0.49192654375 0.27113850781250004 0.4603722828125 0.2919662703125 0.4338937984375 0.3293403546875 0.4234375 0.3646983625 0.4234375 0.3664906484375 0.45321014687499994 0.3931924703125 0.48009372499999997 0.4328992203125 0.4997578015625 0.47712258125 0.504542165625 0.5296875 0.5476331453125 0.5296875 0.5651384203125 0.5135539328125 0.6025349109375 0.4724552015625 0.6107978609375 0.4466712484375 0.6107978609375 0.37175335
7 0.7772528546874999 0.1455625171875 0.7709491875000001 0.10116917968750001 0.7535997125 0.05851185 0.72230768125 0.038968275000000004 0.6562261734375 0.038968275000000004 0.62799984375 0.05657268125 0.603309971875 0.0928702265625 0.5830852640625 0.13434162031250002 0.578125 0.1431742125 0.578125 0.1696491234375 0.582609496875 0.1941855640625 0.607000996875 0.2495134421875 0.6388513 0.2796875 0.6925162171875 0.2796875 0.7228753859375 0.2752679171875 0.7538051265625 0.24670180468749997 0.776947478125 0.19808581875 0.7772528546874999 0.1455625171875
7 0.9909698546874999 0.195671603125 0.972125834375 0.14543291875 0.9234417421875 0.11355473125 0.8758581953125001 0.119499871875 0.825392678125 0.1526508421875 0.7886707140625 0.21625247500000003 0.77867574375 0.251505875 0.778125 0.28092379375 0.778125 0.3101458078125 0.79803488125 0.3486989859375 0.811600928125 0.37304911406249996 0.82230206875 0.3796875 0.91421548125 0.3796875 0.9346665625 0.3730741375 0.9717790468749999 0.32289368125 0.9909698546874999 0.2801503515625 0.9909698546874999 0.195671603125
8 0.1519449859375 0.5771487171875 0.1315856671875 0.5067070625000001 0.126808503125 0.357518134375 0.131451440625 0.23680213437500003 0.149063884375 0.149588740625 0.16607996249999998 0.087997603125 0.191855975 0.04386110625 0.178842221875 0.0371376125 0.17280369375 0.0371376125 0.124722175 0.05333826093750001 0.0747106625 0.11480620156250002 0.034375 0.2419866796875 0.034375 0.44857886406249997 0.0409263265625 0.5030129750000001 0.0679868890625 0.6005955046875 0.10131030468749999 0.6515625 0.103259665625 0.6515625 0.120078103125 0.6466835828125 0.1403666140625 0.641403953125 0.1590508125 0.6262888375 0.1519449859375 0.5771487171875
8 0.2308775484375 0.486851865625 0.23334796249999998 0.43918774374999997 0.25965629687499997 0.3957112640625 0.26863634531249997 0.364942121875 0.2735061953125 0.2574127984375 0.2795331390625 0.1913404828125 0.28562396875 0.13624913125 0.270375690625 0.0341864421875 0.262062946875 0.022225178125 0.2738541359375 0.0023570671875 0.2509603625 0.0030232078125 0.237323475 0.020504396875 0.21625410781249998 0.0198971390625 0.1925368625 0.0364513203125 0.16915324062499998 0.11035055 0.1422769765625 0.2136389359375 0.1401117921875 0.313767678125 0.1390625 0.3645655015625 0.1390625 0.424617121875 0.1560486125 0.5341807828125 0.1728586546875 0.5898261 0.18956931875 0.6283899140625 0.21536802812500003 0.6453125 0.24395543593750002 0.6453125 0.254623125 0.6325986109375 0.2471125609375 0.6010889859375 0.23309945937499998 0.55390448125 0.2308775484375 0.486851865625
8 0.0522921375 0.3423110109375 0.052046668750000004 0.274841640625 0.07025834375 0.207995165625 0.09170664218749999 0.13346458125 0.0994428875 0.10815377343749999 0.126615021875 0.0686428375 0.1666868015625 0.0450321484375 0.2045798359375 0.0314549140625 0.236480921875 0.009882128125 0.22499446875 0.00243176875 0.1972457578125 0.01622958125 0.1728758 0.024783503125000002 0.1475820203125 0.0174760265625 0.12348824218750001 0.0149581140625 0.09876296875 0.0174114984375 0.0601754453125 0.0506921828125 0.037226746875 0.08364824843749999 0.01250954375 0.10205389375 0.00625 0.122013103125 0.00625 0.13690500156250002 0.0344052796875 0.6203125 0.0676909703125 0.6203125 0.0779831546875 0.57783058125 0.08345345 0.5294285984375 0.062555946875 0.4394652703125 0.0522921375 0.3423110109375
7 0.38395078437499996 0.3381756453125 0.394641634375 0.32051823125 0.39977406875 0.2469758421875 0.400203953125 0.230439121875 0.400203953125 0.142337221875 0.395088759375 0.083577440625 0.377178340625 0.0026941125 0.2800831875 0.006317184375 0.26875 0.035304314062499995 0.26875 0.0417288015625 0.28560329375000004 0.1125185765625 0.284453321875 0.20417060625 0.280854253125 0.31304811718750003 0.2689554703125 0.38125 0.28576152499999996 0.38125 0.29207755468749996 0.378405996875 0.323788084375 0.35720454375 0.34817260625 0.33638703125 0.38395078437499996 0.3381756453125
7 0.4008443421875 0.918766065625 0.35982720156250003 0.8829452312500001 0.31127110625 0.8885462453124999 0.2722771640625 0.9160422953125 0.2418657328125 0.9619017578125 0.2328125 0.9936515531250001 0.2328125 0.996875 0.43458524687500005 0.996875 0.43458524687500005 0.9815898828125 0.42901967343749997 0.9551685953125 0.4008443421875 0.918766065625
7 0.5571237828125 0.8913435984375001 0.540762059375 0.8795171828124999 0.49240017343750003 0.8795171828124999 0.45703919062500004 0.9068526703125 0.44627407343750003 0.9520149828125 0.44375 0.9830690734375 0.44375 0.9833391234375 0.5959791734375 0.996875 0.6078052359375 0.996875 0.6078052359375 0.9721411734375 0.5971159046875 0.9470129296875 0.5804310015625 0.9140082546875 0.5571237828125 0.8913435984375001