9 0.5025297046875 0.4910127984375 0.507814996875 0.5474582031249999 0.5236273015624999 0.58644015625 0.5626574875 0.63209075625 0.608228971875 0.656143128125 0.6635502125 0.658485228125 0.7102533453125 0.62586810625 0.7481767015624999 0.58607815 0.771875 0.5260426859375 0.771875 0.44563411249999996 0.7644614859375001 0.40600314375 0.7382713937500001 0.3588356703125 0.7104024578125 0.32454869999999997 0.6864583750000001 0.309375 0.60926510625 0.309375 0.5748881109374999 0.321801534375 0.531343709375 0.362856271875 0.5100907296875 0.43198180625000004 0.5025297046875 0.4910127984375
9 0.7030247875 0.1827992015625 0.7030247875 0.231305565625 0.71458316875 0.2822641984375 0.7372353203124999 0.322097146875 0.786935603125 0.34864057187499997 0.8455399343750001 0.3428957828125 0.9007926859375001 0.29686404375 0.9394061 0.22734284374999997 0.9515625 0.1858856515625 0.9515625 0.1744515453125 0.940779996875 0.11352000468750001 0.9170023625000001 0.059901834375 0.8968388968750001 0.040625 0.7848675359375 0.040625 0.7506655265625 0.0694282578125 0.7211054125 0.1130734890625 0.7038258046875 0.1657861609375 0.7030247875 0.1827992015625
9 0.46056324843749996 0.2668504515625 0.4671464 0.3045284546875 0.4918265640625 0.3582482265625 0.5176066828125 0.37982275 0.5393875140625 0.34267439843749997 0.574437690625 0.31576495000000004 0.614064559375 0.30260864375 0.6453471453125 0.30151623125000004 0.6727497812500001 0.3037699921875 0.6796822953125 0.2767722078125 0.68125 0.23827124687499998 0.68125 0.22599748281249998 0.664943665625 0.1713343359375 0.6390947328125 0.12835765625 0.5927826609375 0.09572761875 0.5806945671875 0.09375 0.531681190625 0.09375 0.49304051875 0.112053425 0.4625052078125 0.170912046875 0.46056324843749996 0.19000567968749998 0.46056324843749996 0.2668504515625
9 0.22190468124999999 0.20283014531250002 0.22190468124999999 0.21630724843750002 0.2329659625 0.2490887296875 0.255984884375 0.2828518078125 0.2832717296875 0.3078518 0.32748226874999997 0.3078518 0.3563242015625 0.294724240625 0.3764144296875 0.2524875484375 0.38125 0.21407813281250002 0.38125 0.2129471 0.37085553125000004 0.1634809484375 0.34194196875 0.113261796875 0.3010920203125 0.0921875 0.2934153546875 0.0921875 0.2696021515625 0.09924186406249999 0.239438809375 0.1151002140625 0.224329171875 0.1673199546875 0.22190468124999999 0.20283014531250002
9 0.012811989062500001 0.1033433609375 0.0282414546875 0.1506688 0.05757780312500001 0.1870059953125 0.12118136718750001 0.20027830156249998 0.16012449687500002 0.16492347031250001 0.1667217796875 0.11068686875 0.1703125 0.0993775328125 0.1703125 0.0830942671875 0.15301741093750001 0.0373017984375 0.1153563953125 0.0046875 0.0534794921875 0.0046875 0.031537025 0.0197523640625 0.0150407515625 0.051545731250000004 0.012811989062500001 0.0945116546875 0.012811989062500001 0.1033433609375
9 0.4438775875 0.47849024531250006 0.47505447343749996 0.4599582171875 0.49654377656250004 0.43085112031249995 0.4984375 0.3984638296875 0.4984375 0.3872125234375 0.496904446875 0.3549635765625 0.47345029375000003 0.322104325 0.4501479453125 0.3140625 0.42291385468750003 0.3140625 0.3924177625 0.31984088437499997 0.37013878125 0.3510947328125 0.3609375 0.3928219546875 0.3609375 0.408464721875 0.36342334374999996 0.43774401249999995 0.3828358234375 0.465306396875 0.4166428953125 0.485219828125 0.4438775875 0.47849024531250006
9 0.44506905 0.7868961703124999 0.44506905 0.8131157281249999 0.4638822875 0.8471130453125 0.4888239546875 0.8763181203125001 0.5256653546875001 0.8707189812499999 0.562524753125 0.8500594515625 0.578125 0.8113838171875001 0.578125 0.8045827750000001 0.5686016109375001 0.7503595625 0.5600943546875 0.7266656890625 0.5515289109375 0.715625 0.530208740625 0.715625 0.52286089375 0.7247838765625 0.48337111093749996 0.7414640390625 0.45214453125 0.7463737640625 0.44506905 0.7868961703124999
9 0.1392020015625 0.55958894375 0.14923778593749998 0.5961519859375 0.1761056015625 0.633913803125 0.182847678125 0.6358161921875001 0.24910135156250002 0.6358161921875001 0.2569826859375 0.633063540625 0.24847652656250002 0.5903042078125 0.250609296875 0.567116575 0.258443940625 0.5521657203125 0.26875 0.5252559609375 0.26875 0.521833953125 0.260993328125 0.495956140625 0.2327699859375 0.47935251562500003 0.19660890312499998 0.4640625 0.194919834375 0.4640625 0.1567056046875 0.4808506296875 0.137691796875 0.5090167234375 0.137691796875 0.5349366 0.1392020015625 0.55958894375
9 0.367801928125 0.1647104078125 0.3775107890625 0.2079213171875 0.373521409375 0.2491896796875 0.3602107734375 0.2813429640625 0.3809273109375 0.2925707421875 0.3961396453125 0.2925707421875 0.4246914046875 0.2907986609375 0.4525646484375 0.261708028125 0.45624280625 0.21509612968749997 0.45625 0.214764825 0.45625 0.16257776875000002 0.43972232343749995 0.1235363890625 0.41262292343749996 0.0973112578125 0.35637129375 0.08125 0.353950959375 0.08125 0.3435884578125 0.085638478125 0.3435884578125 0.1169482234375 0.34717464531250003 0.12612341093749999 0.367801928125 0.1647104078125
9 0.6203125 0.9885637421875 0.6155702234375 0.9672872453125001 0.5972939859374999 0.90565879375 0.5955804 0.86047750625 0.584352796875 0.8421875 0.5783483640625 0.8421875 0.5578214234375001 0.858347059375 0.5359375 0.8801733296875 0.5359375 0.9411709609375001 0.5394207703125 0.9679440937500001 0.55951236875 0.9977004968750001 0.6203125 0.99522308125 0.6203125 0.9885637421875
9 0.276213884375 0.071481159375 0.3098410265625 0.0772236859375 0.3461302046875 0.08527847656250001 0.3754558390625 0.057113904687499994 0.390625 0.0235011953125 0.390625 0.00625 0.2512760890625 0.00625 0.2478688140625 0.0192039421875 0.2595389375 0.051549718749999994 0.276213884375 0.071481159375
9 0.1786148234375 0.1944143328125 0.2008257671875 0.22450142031250003 0.2296182515625 0.23375077656249998 0.2234866171875 0.193631090625 0.23168727968749997 0.1593561953125 0.2485773046875 0.11639668593750001 0.2703125 0.092963671875 0.2703125 0.07812678749999999 0.264276896875 0.075 0.250876775 0.075 0.215377346875 0.0865014125 0.1849862859375 0.1077547421875 0.1710992875 0.14578586875 0.1786148234375 0.1944143328125
7 0.03183621875 0.5398255359374999 0.041637415625 0.542207909375 0.114286765625 0.542207909375 0.148066734375 0.512688334375 0.16875 0.46713618593749995 0.16875 0.35876097812499996 0.1668410984375 0.34655949375 0.1437004796875 0.2904810765625 0.087144721875 0.260693121875 0.0498903109375 0.253125 0.040256253125 0.253125 0.01421069375 0.2705500453125 0.0026860953125 0.5179878203125 0.010312815625000001 0.5280129390625 0.03183621875 0.5398255359374999
7 0.1704015203125 0.3760250859375 0.193685865625 0.42919150000000006 0.22656069687499997 0.460260096875 0.2732923921875 0.455193334375 0.32858523281249996 0.4232715984375 0.3533175125 0.38077655 0.35587298125 0.332699275 0.35625 0.3268322734375 0.35625 0.308168759375 0.3471838546875 0.2751202953125 0.335335890625 0.2791630484375 0.3144156109375 0.2880988375 0.284252628125 0.294607025 0.25529638125 0.27402630625 0.23589137187500003 0.24375 0.20569107031249997 0.24375 0.1818943171875 0.2777875265625 0.1654280703125 0.3157280421875 0.1654280703125 0.3410655984375 0.1704015203125 0.3760250859375
7 0.38922413749999996 0.6466357078125 0.3931510453125 0.6645529390625 0.42466684375 0.7150106609375 0.46477313281250004 0.7449964125 0.51627284375 0.7449964125 0.5390018390625 0.7338254515625 0.564285103125 0.7012625375 0.5734375 0.6683182390625 0.5734375 0.6660731375 0.5426636796875 0.6343633468750001 0.5142860734375 0.5901661703125 0.49299990937500004 0.5427353609375001 0.48550569218749995 0.48273675312500003 0.458416665625 0.4734375 0.45441293906249997 0.4734375 0.426082575 0.49507794687500006 0.3899666796875 0.529441040625 0.38922413749999996 0.5318712296875 0.38922413749999996 0.6466357078125
7 0.21982708125 0.8015571609375 0.22043760156249997 0.854021778125 0.2275080671875 0.8979456453125 0.2455817390625 0.9394292953125 0.28300685625 0.9601711203125 0.33245740625 0.9601711203125 0.371075109375 0.9333287578125 0.3951046828125 0.8955054296875 0.41458389375 0.8528016718749999 0.4203125 0.84189895 0.4203125 0.824084625 0.4140159625 0.7930164125 0.388687265625 0.7393316859375 0.35599763281249996 0.7109375 0.34341209687499996 0.7109375 0.3073345 0.7137094296875001 0.2724933765625 0.7210300765625 0.2420961359375 0.7515327593750001 0.21982708125 0.8015571609375
7 0.009831090625 0.80109083125 0.0287849859375 0.8539628796875001 0.07682995000000001 0.8852808671875 0.1244348 0.878775525 0.1753903171875 0.8450212640625001 0.2131561890625 0.7809671625 0.2237476765625 0.7455844843749999 0.225 0.710874415625 0.225 0.6862824609375 0.20611418750000002 0.6485852890625 0.1929955296875 0.624385984375 0.18385435781249998 0.61875 0.091269903125 0.61875 0.0701429375 0.6258045546875 0.032220890625 0.676437478125 0.010753971875 0.7228006812500001 0.009831090625 0.80109083125
8 0.8480550140625001 0.4231941109375 0.8684143328125 0.494277084375 0.8731914968750001 0.6437065046875 0.868548559375 0.7643690640624999 0.8509361156249999 0.851128190625 0.8339200375000001 0.9122650609375 0.808144025 0.9556800750000001 0.8204611999999999 0.9624070765624999 0.8290029296875 0.9624070765624999 0.8752778250000001 0.9481535953125 0.9252893375 0.8881018953125001 0.965625 0.7620109984375001 0.965625 0.5552786359375 0.9590736734374999 0.500616603125 0.9320131109375 0.40217898593749996 0.8985576453125 0.35 0.8973113921874999 0.35 0.8799218968750001 0.3545410578125 0.8596333859374999 0.359232815625 0.8409491875 0.3738135 0.8480550140625001 0.4231941109375
8 0.7886023375 0.5217355609375 0.784193409375 0.5689499312499999 0.7561453828125 0.608078803125 0.7459226984375 0.63734876875 0.7366787671874999 0.7439785875 0.727967728125 0.8090014812499999 0.7196401531250001 0.8630434078125001 0.730713171875 0.9675047765624999 0.7385288609375 0.9808152984375 0.72641940625 0.998055353125 0.75237495625 0.998055353125 0.763168921875 0.9865838546875001 0.7841885828125 0.990639215625 0.808552 0.977982890625 0.83491795 0.9079815203124999 0.8609375 0.8251999484375 0.8609375 0.469293959375 0.8507467828124999 0.428356053125 0.8356266937499999 0.3870937203125 0.8079201296875 0.363750571875 0.789846915625 0.359375 0.7839424015625001 0.359375 0.7708214156250001 0.3722408765625 0.7770396374999999 0.40494984218749996 0.789114225 0.45438311093749995 0.7886023375 0.5217355609375
8 0.9882133640624999 0.5640284921875 0.986537078125 0.6612633234375 0.97857373125 0.7286682375 0.9524517421875001 0.7951279765625 0.9221976234374999 0.8692073718750001 0.9114763546875 0.8943570390625 0.879826684375 0.933352328125 0.837366884375 0.9562378890625001 0.798279840625 0.9691383359374999 0.7641399875 0.9901310203125 0.7745816828125001 0.997774746875 0.8036736531249999 0.9844764671874999 0.82878986875 0.9763576234375 0.8528896375 0.9841001765625 0.8763864109374999 0.9870370515625 0.9011116843750001 0.9850187453125001 0.9432812374999999 0.952447075 0.9699612140625 0.919926084375 0.996618684375 0.90197163125 0.9984375 0.8977835203125 0.9984375 0.403125 0.9979326609375001 0.403125 0.9898007921875 0.425534271875 0.9785097015625001 0.47379122812499996 0.9882133640624999 0.5640284921875
7 0.600219221875 0.6758904890624999 0.600219221875 0.8877043 0.6033962734375 0.9163806375 0.62321073125 0.9964922406250001 0.7203399875 0.9883245687500001 0.73125 0.958126134375 0.73125 0.953818009375 0.7123417875 0.88229466875 0.711360371875 0.7905140187499999 0.7124301921875 0.68137926875 0.7218282953124999 0.61875 0.696564878125 0.61875 0.66841645625 0.639195025 0.64448663125 0.6611701265625001 0.6086231984375 0.66105358125 0.600219221875 0.6758904890624999
7 0.5972310078125 0.08256363125 0.6401824421875 0.1195751625 0.6887954265625 0.1154083953125 0.7267653328125 0.089075978125 0.7552424703125 0.0441365984375 0.7640625 0.0077890015625 0.7640625 0.0046875 0.5654591703125 0.0046875 0.5654591703125 0.0386620734375 0.5671782750000001 0.0453492640625 0.5972310078125 0.08256363125
7 0.444212390625 0.10580323124999999 0.4646667703125 0.1203125 0.5005946375 0.1203125 0.5462866828124999 0.0849507203125 0.5608322328125 0.039066321875 0.5625 0.028810151562500004 0.5625 0.007377450000000001 0.402568325 0.0015625 0.3961753578125 0.0015625 0.3954007734375 0.0149765609375 0.4084981265625 0.052059464062500005 0.42259641718749996 0.0842939140625 0.444212390625 0.10580323124999999