17 0.24765625 0.5953125 0.2765625 0.259375
17 0.840625 0.43125 0.31875 0.203125
17 0.48046875 0.290625 0.2328125 0.190625
17 0.73203125 0.29140625 0.2640625 0.1546875
17 0.5796875 0.45390625 0.221875 0.1609375
17 0.6984375 0.63984375 0.234375 0.165625
17 0.19453125 0.42578125 0.3203125 0.1296875
17 0.21953125 0.24375 0.2203125 0.15
17 0.28359375 0.13203125 0.2484375 0.1796875
17 0.4390625 0.078125 0.178125 0.121875
17 0.76484375 0.14921875 0.1421875 0.1171875
17 0.64375 0.790625 0.21875 0.1875
17 0.47890625 0.72890625 0.1484375 0.1890625
17 0.4109375 0.43359375 0.140625 0.2015625
17 0.321875 0.7859375 0.20625 0.203125
17 0.09140625 0.78359375 0.1828125 0.1421875
17 0.0859375 0.60546875 0.153125 0.1859375
17 0.8546875 0.9234375 0.290625 0.153125
17 0.08828125 0.92734375 0.1765625 0.1328125
17 0.30625 0.921875 0.24375 0.15625